c random network for shortest paths problem
c extended DIMACS format
c
t rd_500_2000_1_l
c
c length -> min: 1 max: 10 k1: 0.00 k2: 0.00
c
p sp      500     2000
c
n        500
c
a        1        2            6
a      500        1            4
a        2        3            1
a        3        4            1
a        4        5            5
a        5        6            6
a        6        7            5
a        7        8            4
a        8        9            4
a        9       10            1
a       10       11            2
a       11       12            1
a       12       13            6
a       13       14            7
a       14       15            5
a       15       16            2
a       16       17            1
a       17       18            3
a       18       19            3
a       19       20            1
a       20       21            4
a       21       22           10
a       22       23            5
a       23       24            4
a       24       25            1
a       25       26            4
a       26       27            2
a       27       28           10
a       28       29            8
a       29       30            9
a       30       31            3
a       31       32            6
a       32       33            9
a       33       34           10
a       34       35            2
a       35       36            8
a       36       37           10
a       37       38            1
a       38       39            4
a       39       40           10
a       40       41            1
a       41       42           10
a       42       43           10
a       43       44            1
a       44       45            1
a       45       46            6
a       46       47            8
a       47       48            7
a       48       49            2
a       49       50            7
a       50       51            1
a       51       52            1
a       52       53            7
a       53       54            7
a       54       55            5
a       55       56            1
a       56       57           10
a       57       58            1
a       58       59            4
a       59       60            1
a       60       61            7
a       61       62            3
a       62       63            7
a       63       64            9
a       64       65            1
a       65       66            2
a       66       67           10
a       67       68            1
a       68       69            3
a       69       70            6
a       70       71            6
a       71       72            1
a       72       73            1
a       73       74            5
a       74       75            9
a       75       76            3
a       76       77            1
a       77       78            5
a       78       79            2
a       79       80            3
a       80       81            7
a       81       82            3
a       82       83            8
a       83       84            2
a       84       85            7
a       85       86           10
a       86       87            1
a       87       88            3
a       88       89            5
a       89       90            7
a       90       91            1
a       91       92            4
a       92       93            6
a       93       94            4
a       94       95            6
a       95       96            3
a       96       97            1
a       97       98            5
a       98       99           10
a       99      100            2
a      100      101            6
a      101      102            2
a      102      103            3
a      103      104            4
a      104      105            1
a      105      106            2
a      106      107            5
a      107      108            6
a      108      109            1
a      109      110            7
a      110      111            9
a      111      112            8
a      112      113            7
a      113      114            3
a      114      115            8
a      115      116            9
a      116      117           10
a      117      118            7
a      118      119            5
a      119      120            8
a      120      121            5
a      121      122            9
a      122      123            9
a      123      124            6
a      124      125            3
a      125      126            4
a      126      127            1
a      127      128            9
a      128      129            6
a      129      130            7
a      130      131            3
a      131      132            5
a      132      133            2
a      133      134            1
a      134      135            4
a      135      136            6
a      136      137            2
a      137      138            6
a      138      139            6
a      139      140            8
a      140      141            3
a      141      142            9
a      142      143            8
a      143      144            1
a      144      145            2
a      145      146           10
a      146      147            1
a      147      148            5
a      148      149            9
a      149      150            4
a      150      151            5
a      151      152            4
a      152      153            6
a      153      154           10
a      154      155            3
a      155      156            9
a      156      157            3
a      157      158            1
a      158      159            8
a      159      160            3
a      160      161            8
a      161      162            7
a      162      163            7
a      163      164            6
a      164      165            6
a      165      166            7
a      166      167            4
a      167      168            6
a      168      169            5
a      169      170            2
a      170      171            2
a      171      172            1
a      172      173            6
a      173      174            6
a      174      175            3
a      175      176           10
a      176      177            8
a      177      178            8
a      178      179            1
a      179      180            7
a      180      181            6
a      181      182            3
a      182      183            3
a      183      184            1
a      184      185            9
a      185      186            1
a      186      187            1
a      187      188            2
a      188      189            8
a      189      190            9
a      190      191            9
a      191      192            7
a      192      193            5
a      193      194            5
a      194      195            4
a      195      196            1
a      196      197            2
a      197      198            6
a      198      199            7
a      199      200            5
a      200      201            3
a      201      202            9
a      202      203            1
a      203      204            6
a      204      205            5
a      205      206            6
a      206      207            6
a      207      208            6
a      208      209            6
a      209      210            3
a      210      211            1
a      211      212            1
a      212      213            6
a      213      214            3
a      214      215            9
a      215      216           10
a      216      217            3
a      217      218            6
a      218      219            9
a      219      220            9
a      220      221            5
a      221      222            2
a      222      223            4
a      223      224            1
a      224      225            3
a      225      226            2
a      226      227            5
a      227      228            7
a      228      229            9
a      229      230            3
a      230      231            9
a      231      232            5
a      232      233            9
a      233      234            6
a      234      235            8
a      235      236            6
a      236      237           10
a      237      238            9
a      238      239            2
a      239      240            2
a      240      241            3
a      241      242            2
a      242      243            7
a      243      244            7
a      244      245            2
a      245      246            7
a      246      247            1
a      247      248            4
a      248      249            3
a      249      250            9
a      250      251           10
a      251      252            4
a      252      253            9
a      253      254            3
a      254      255            9
a      255      256            9
a      256      257            2
a      257      258            9
a      258      259            6
a      259      260            5
a      260      261            3
a      261      262            7
a      262      263            6
a      263      264            8
a      264      265           10
a      265      266            2
a      266      267            1
a      267      268            5
a      268      269            8
a      269      270            5
a      270      271            7
a      271      272           10
a      272      273            5
a      273      274            2
a      274      275            6
a      275      276            4
a      276      277            1
a      277      278            8
a      278      279           10
a      279      280            5
a      280      281            8
a      281      282            6
a      282      283            2
a      283      284           10
a      284      285            9
a      285      286            9
a      286      287            4
a      287      288            3
a      288      289            9
a      289      290            2
a      290      291            9
a      291      292            3
a      292      293            5
a      293      294            5
a      294      295            8
a      295      296            9
a      296      297           10
a      297      298            9
a      298      299            7
a      299      300           10
a      300      301            2
a      301      302            5
a      302      303           10
a      303      304            5
a      304      305            1
a      305      306            3
a      306      307            6
a      307      308            2
a      308      309           10
a      309      310            9
a      310      311            6
a      311      312            9
a      312      313            7
a      313      314            5
a      314      315            9
a      315      316            5
a      316      317            3
a      317      318            7
a      318      319            7
a      319      320           10
a      320      321            8
a      321      322            4
a      322      323            3
a      323      324            5
a      324      325            3
a      325      326            8
a      326      327            1
a      327      328            3
a      328      329            8
a      329      330           10
a      330      331           10
a      331      332            7
a      332      333            3
a      333      334            3
a      334      335            6
a      335      336            2
a      336      337            8
a      337      338            5
a      338      339            5
a      339      340            4
a      340      341            9
a      341      342            7
a      342      343            3
a      343      344            2
a      344      345            2
a      345      346            2
a      346      347            2
a      347      348            5
a      348      349            3
a      349      350            5
a      350      351            4
a      351      352            5
a      352      353            8
a      353      354            1
a      354      355            3
a      355      356            1
a      356      357            2
a      357      358            8
a      358      359            9
a      359      360            7
a      360      361            2
a      361      362            9
a      362      363            7
a      363      364            3
a      364      365            6
a      365      366            2
a      366      367            7
a      367      368           10
a      368      369            9
a      369      370           10
a      370      371            5
a      371      372            4
a      372      373            6
a      373      374            8
a      374      375            2
a      375      376            1
a      376      377            2
a      377      378            9
a      378      379            8
a      379      380            1
a      380      381            7
a      381      382            4
a      382      383            3
a      383      384            7
a      384      385            7
a      385      386            2
a      386      387            9
a      387      388            7
a      388      389            2
a      389      390            6
a      390      391            2
a      391      392            8
a      392      393            3
a      393      394            1
a      394      395            5
a      395      396            9
a      396      397            4
a      397      398            8
a      398      399            3
a      399      400            5
a      400      401            3
a      401      402            1
a      402      403            6
a      403      404            5
a      404      405            4
a      405      406            2
a      406      407            1
a      407      408            4
a      408      409            4
a      409      410            5
a      410      411           10
a      411      412           10
a      412      413            2
a      413      414            3
a      414      415            1
a      415      416            4
a      416      417            5
a      417      418            5
a      418      419            9
a      419      420            8
a      420      421            1
a      421      422            7
a      422      423            4
a      423      424            6
a      424      425           10
a      425      426            3
a      426      427            4
a      427      428            5
a      428      429            3
a      429      430            7
a      430      431            7
a      431      432            8
a      432      433            5
a      433      434            2
a      434      435            4
a      435      436            4
a      436      437            3
a      437      438            6
a      438      439            4
a      439      440            2
a      440      441            8
a      441      442            4
a      442      443            8
a      443      444            5
a      444      445            8
a      445      446            6
a      446      447            2
a      447      448            5
a      448      449            2
a      449      450            9
a      450      451            7
a      451      452           10
a      452      453           10
a      453      454            5
a      454      455            8
a      455      456            1
a      456      457            9
a      457      458            1
a      458      459            3
a      459      460            3
a      460      461           10
a      461      462            7
a      462      463            1
a      463      464            9
a      464      465            7
a      465      466           10
a      466      467            9
a      467      468            8
a      468      469           10
a      469      470            2
a      470      471            1
a      471      472            5
a      472      473            5
a      473      474            7
a      474      475            8
a      475      476            9
a      476      477            3
a      477      478            6
a      478      479            4
a      479      480            4
a      480      481            2
a      481      482            6
a      482      483            2
a      483      484           10
a      484      485           10
a      485      486            7
a      486      487            1
a      487      488            5
a      488      489            1
a      489      490            6
a      490      491            4
a      491      492            6
a      492      493            5
a      493      494            8
a      494      495            2
a      495      496           10
a      496      497            8
a      497      498            9
a      498      499            1
a      499      500            6
a      297       77            8
a      291      313           10
a       41      180            2
a      346       75            1
a      262      360            1
a      426      228           10
a      443       50            4
a      292      405            7
a      242      410            4
a      205      468            9
a      110      263            1
a      411      337            8
a      248      410            6
a      281      200            6
a      403       34            1
a      397      263            6
a      387      167            2
a      151      497            5
a      117      163            4
a       78      216            7
a      208      445            5
a      463      466            7
a      357      309            8
a      470      374            1
a      311      469            1
a      452       74            3
a      218      103            7
a      352      295            7
a       48      140            9
a       61      498           10
a       76      119            9
a      456      205           10
a      113       47            4
a      324      303            2
a      310      304            2
a      307      151            2
a      341      316            3
a       60      274            3
a      252      396            3
a      285      325            9
a       22      377            7
a      445      191            2
a      201      426            8
a      476      387            7
a       56      199           10
a       33      386            6
a      287      330            3
a      373       74            7
a      243       63            9
a      271      375            9
a       23      268            7
a      479      431            5
a       36      429            4
a       90      386            1
a      334      189            9
a      388      472            5
a       60      468            6
a      114       97            5
a      395      212            2
a      405       66            9
a      220      314            3
a       73      389            3
a       82      390            5
a      253      389            5
a      190       98            5
a      456      435            5
a      339      414            4
a      450      225            9
a      125      340            6
a      496      428            8
a      298      318            9
a      404      454            9
a      380      235            7
a       20      275            7
a      440      256            2
a      294       24            4
a       68      430            7
a      248       51            9
a      118      400           10
a      299      222            2
a      261      320            1
a       95       41            3
a      265       38            8
a      237       60            5
a      146      451            5
a       34      175            4
a       80      420            1
a      176       87            9
a      453       82            5
a      100      168            5
a       23      422            8
a       82      441            8
a      462      469            1
a       70      185            4
a      418       92            1
a       62      446            2
a      409      429            1
a      409      332            6
a      483      131            8
a      267       81            5
a       97      261            7
a       28      291            3
a      101      383            8
a       25      113            7
a       23       72            8
a      420      423            3
a      135      390            1
a      247      235            8
a      344       72            6
a      237      124            7
a      117       77            9
a      190      484           10
a      480      414            7
a      374      277            9
a      103      124            8
a      127      292           10
a      179      120            3
a      119       89            9
a       20      100            5
a      490      449            2
a      354      179            1
a      427      146            7
a      315      404            3
a       48      312            4
a      490      356           10
a      393      470            1
a      213       92            9
a      180       60            9
a      464      296            9
a      470      429            1
a      409      140            1
a      314      315            4
a       53      471            7
a       13      275            3
a      488      219            3
a       86      439            2
a      476       36            2
a      196      148            9
a      405       27            7
a      281      318            9
a      258      157            7
a      370      345            6
a      318      255            6
a      125      448            2
a      248      385            3
a      428      173            9
a      111      243            6
a      485      130            6
a       86      109            9
a      233      199            7
a      392      391            7
a       50      100            7
a      441      187            4
a      180      200            6
a      296      388            5
a       28      386            7
a      336      287            8
a      444      140            6
a      407      313            7
a      467      224            8
a      362       22            3
a      485      476            7
a       96      187            4
a      209      335            1
a      101      424            8
a      368      105            8
a      106       20            4
a       89      378            7
a       71      337            6
a      462      277            7
a      182      431            9
a      405      386            7
a      496      279            8
a       82      267            2
a       67      392            1
a      244       14           10
a      230      335            1
a      134      135            7
a      174      171            9
a      211      389            8
a      131      153            1
a      325      384            4
a      243       15            8
a      136      393            6
a      206      101            9
a        3      313            8
a      305      167            4
a      314      179            8
a      341      139            2
a      190      405           10
a      251      246            9
a      345      246            3
a      421      488            4
a      367       33            6
a      334       81            7
a      131      364            3
a      162      134            4
a       74      319            7
a      407       39            7
a       95      191            5
a      456      252            3
a      393      449            9
a      210      424            3
a      190      363            4
a       56       95            6
a      369      256            2
a       23        9            2
a      253      396            7
a      399      429            8
a      435      381            9
a      489      249            8
a      265      196            4
a      390       50            2
a      407      339            3
a      437      258            9
a       93      494            2
a      451      474            9
a      103      282            3
a      493       97            9
a      256       24           10
a      159      349            5
a      158      287            6
a      311      442            4
a      300      245            6
a      273      141            5
a       88      474            7
a      228      194            4
a      323      435            7
a      467      181            7
a      176      266           10
a      162       93            2
a      230      451            1
a       90      114            5
a      230      116            9
a       48      396            9
a      268      486            3
a      250      325            9
a      290      490            5
a      156      187            1
a      416      121            8
a       44      394            8
a      335      439            9
a       67      380            1
a      172      492            2
a      253      158            2
a       54       70            1
a      147      468            4
a      328      384           10
a      293      426            2
a      251      214            8
a      323       97            5
a      270       62            6
a      259      418            6
a      438      121            9
a      464       14           10
a      378      154            4
a      361      490            1
a      184      485            1
a      195      460            6
a       90      393            3
a       63      206            6
a      278      111           10
a      449       62            9
a      182       43            8
a      246      325            7
a      272       43           10
a       65      294            5
a      336      304           10
a      200      249            6
a      467      460            1
a      251       72            9
a       62       25            9
a      265       18            2
a      401      152            7
a      230       30            2
a       17       28            2
a      421      401            7
a      403      396            6
a      361       56            4
a      310      353            7
a      159      136            1
a      279       29            4
a       71      148            2
a      332      250            2
a      420      408           10
a      183       53            3
a      400      139           10
a      190      217            3
a      442      104           10
a      253       64            3
a      463      375            1
a      301      398            2
a      308      413            3
a       50      326            1
a      163      387            2
a      202      164            6
a        8      344            1
a      384      305            9
a      442      133            5
a      152      179            9
a      344      212           10
a       84      469            1
a      404      372            2
a       83      261            7
a      474      155            6
a      263      176            9
a      114      225            1
a      451      369            4
a      409      263            9
a      155      448            7
a      376      495            6
a       71        5            9
a      290      346            8
a       82      460            3
a      326      292            8
a      482      355            4
a      233      446            8
a      109       43            6
a      122       55            1
a      408      491           10
a       85      118            5
a      456       23            7
a       75      499            1
a      385      421            5
a      371       67            1
a      221      201            5
a        9       73           10
a      102      326            1
a      272      197            7
a      492      291            3
a      174      485           10
a       37      285            8
a      429      121           10
a      388      133            7
a       24      355            2
a      432      291            1
a      396      219            3
a      112      476            8
a      166       58            6
a      183      394            3
a       44      292            8
a       70      170            4
a      307      320            5
a      205      257            6
a      240      362            9
a      117       53            7
a      488      137            5
a      322      459            9
a      105      218            9
a      493      363            5
a      444       64            1
a      267      346            5
a      171      226            9
a       15      485            8
a      383      453            8
a      335      245            4
a      236      498            5
a       87      335           10
a        5      187            2
a      259      351            2
a      248      469           10
a       85      205            1
a       69      489            5
a      374      109            4
a       17      445            2
a      187      380            2
a      331      356            6
a      125      392            9
a       69      187            3
a      203      334            3
a      147      179            8
a      489      292           10
a      464       97            8
a      475      319            9
a       76      130           10
a      369      338            8
a      373       52            8
a      405      165            1
a      270      350            4
a       16      454            6
a      252      477            5
a      175       98            1
a      494       30            9
a       64      465            7
a      394      188            8
a      216      387            3
a       55      421            7
a      206      466            5
a      198       96            9
a        2      141            2
a      481      358            9
a      110      373            1
a      459      309            1
a      214       59            2
a      246      344            3
a      108      450            8
a      481      215            8
a      353      451            2
a      359      268           10
a      240      151            4
a      343       99           10
a      352      341            7
a      130      305            8
a      205       65           10
a      120      351            1
a      255      463            3
a      420       85            8
a      282      289            5
a      370      346            5
a       29      467           10
a      200      163            9
a      293       45            6
a      205       34            8
a       59      143            2
a      212      378            4
a      159      340            9
a      260      324            7
a      409      475           10
a       69      150           10
a      116      494            2
a      366      315            1
a      386      343           10
a       81      278            2
a      155      341           10
a      239      429            7
a      493      180            7
a      137      313            3
a      249      421           10
a        7       27            7
a      321      399            3
a      455       49            5
a      420      471            6
a      381       56            7
a      440      402            5
a      499      214            1
a      229       28           10
a      279      289            3
a      362      484            2
a      389      409            1
a      225      464           10
a      219      236            4
a      132      443           10
a      114      369            3
a      440      251           10
a      304      265            4
a      110      210            2
a      351       98            1
a      474      281            3
a       88       18            3
a        2      313            9
a      218      448            5
a      245       50            2
a      159      171            8
a      218      481            3
a      260      202            7
a      458       16           10
a      234      103            2
a       98      208            9
a      487      220           10
a      366      445            1
a       94       37            3
a       87       90            2
a      277      220            8
a      367       63           10
a      158      222           10
a      407      234           10
a      452      245            9
a       23      309            7
a       14      208            8
a      306       75           10
a      345      387            7
a       44       31            7
a      225      277            8
a      423      386            9
a      164      323            4
a      311      403            1
a      206      108            5
a      355      319            3
a      475      240            8
a      494      406            3
a       10      215            5
a      470      273           10
a      104      188            9
a      335      167            3
a      310      243            2
a       43      402            2
a      286      446            4
a      144      469            7
a      404      166            7
a      268       94           10
a      353      452            6
a       94      260            6
a       52      463            7
a      209      201            8
a      297      363            2
a      348      454           10
a      461      327            5
a      259      368           10
a        1      302            8
a      111      348           10
a      218      468            7
a      163      243            3
a      462      367            2
a      144      467            1
a        2       88            5
a      172      406            6
a      313      445            7
a      319      143            1
a      377       63            1
a      385      306            8
a      461      420            4
a      267      148            4
a      469      423            3
a      347       41            6
a      145      304            1
a      192      191            4
a      365      172           10
a      467      271            9
a      240      390            2
a      402       86            7
a       21       19            7
a      304      102            6
a      105      459            9
a      127      414            8
a        6       89            6
a      310      225           10
a      298      122            7
a      191      482            1
a      390      157            2
a       62      145            2
a      467      350            4
a       79      397            7
a       89      491            4
a       70      307           10
a      226      260            7
a      496       64            7
a      480      348            9
a      211      422            2
a      338      216            2
a      443      427            7
a       97      195            7
a      353      317            5
a      500      311            9
a      403      251            3
a      222      214            7
a      233      115            8
a       70      291            9
a      184      281            6
a      182      161            6
a      157       63            8
a       15      475            5
a      480       65            5
a      170      122            5
a       70      310            3
a      424      253            1
a      225      270            4
a      391      257            3
a       73      463           10
a      376      206            8
a      287      299            2
a      358       67            6
a      446      220            4
a      485      417            8
a       77       21            1
a      144      263            4
a      227      398            9
a      438       39            9
a      130      427            4
a      399      300            1
a      436      168            8
a      326      178            7
a      220       23            4
a      459      127            3
a      474      312            9
a       95      155            5
a       73      272            7
a      337      221            1
a      288      308            3
a      419      210            6
a      240      409           10
a      431      477            1
a      346       64            2
a      316      207            5
a      194      416           10
a      248      500            1
a      492      105            7
a      306      410            4
a      208        1           10
a      456      376            9
a      246       32           10
a      440      385            9
a       90      367            9
a       91      469            2
a      102       61            7
a        4       93            5
a      315       98            3
a      208      330            4
a      396      460           10
a      208      239            2
a      142      472           10
a      313      250            8
a      303      188            8
a      178      438            4
a      255       11            1
a      367       48            9
a       26       62            8
a       59      251            5
a       13       81            6
a      196      139            6
a      234      242            5
a       48      181            3
a      354      357            9
a       95      448            2
a      325      376            8
a      162      151            7
a      417      462            2
a      463      239            8
a       59      191            7
a       57       65            3
a      460       96            5
a      262      413            8
a      137      360            4
a      211      490            7
a      116      463            4
a      125      342            8
a      285      447            2
a      284       31            8
a       68      317            7
a      421      303            9
a      401      249            5
a      462      460            7
a      186      428            5
a       86       65            4
a      333      342            4
a      108      164            3
a      210      286            5
a       39      209            7
a      349      153            2
a       21      464            2
a       21      361            9
a      493      227            9
a      358      353            1
a      122      389            6
a       80      223            7
a      470      465            2
a      453      410            3
a      383      438            5
a       88      338           10
a      338      487            8
a      323       80            3
a      297      420            1
a      425      352            7
a      182      401            2
a      118      187            5
a      224      417            7
a      444      174            7
a      311      225            9
a      312      471            1
a      397      446            8
a      172      182            8
a      234      353            1
a      129      334            6
a      436      361            8
a      484      336           10
a      397      174            7
a      108      299            2
a      142       87           10
a      313       51            8
a        4      423            8
a      346      480            1
a      420      220            3
a      455      105            9
a      234      305            4
a        8      390            9
a      121       81            6
a       37      415           10
a      163      482            9
a      146      391            4
a      122      259            8
a      208      492            7
a      208      456           10
a      396      100            6
a      459      235            7
a      114      381            8
a      402      433            2
a      123       67            2
a      323      124           10
a      215      403            9
a      311      220            8
a       62       37            8
a      229      116            9
a       26        6            2
a      412      216            6
a       32       96            8
a      179      166           10
a      317       51            7
a      237       72            3
a      273       42           10
a      117      500            7
a      354      326            1
a      105       64            9
a      482      254            6
a        9        8            2
a      238      121            8
a      238      257            1
a       94      415            9
a      335       65            3
a      404      153            4
a       95       15            1
a      385      358            2
a      334      369            3
a      340      184            6
a      220      421            6
a      456      390            8
a      286      336            7
a       95      109           10
a      422      168            9
a      148      366           10
a      168      131            3
a      132      361            5
a      101      491            1
a      477      362            9
a      478      382            2
a       92      417            6
a       31      189            9
a      120      230            5
a       53      160           10
a       29      238            1
a      410      312            4
a       37      366            4
a      186      261            2
a      184      441            5
a      496       71            2
a      286      497            2
a      353      379            9
a      355       28            9
a      136       29            5
a       90      299            1
a      370      213            1
a      424      472            7
a      498      143            8
a      215      161            8
a      289       84            9
a      108      486            1
a      332      217            7
a      240      401            2
a      337      110            1
a        3      272            5
a       51      323            7
a      253      262            9
a      230       19            9
a      462       75            9
a      468      266            4
a       62      478            9
a      153      146            7
a      392      356            8
a      480      132            9
a      468      242            4
a      233      191            3
a       26      377            6
a       30       14            8
a      168      380            5
a      311      286           10
a      219       39            5
a      145      445            5
a      347       43            2
a      329      446            2
a      354      259            9
a      372      129            9
a       30      231            8
a      142      460            1
a      402      219            9
a      419        7            8
a      241      461            2
a       65      284            7
a      202      285            7
a      317      243            9
a       51      398            3
a      480        7            8
a       34      419            9
a      415      182            1
a       59      245            8
a      293      434            9
a       33      384            7
a       12      333            6
a      383      224            6
a       78      374            7
a       15       74            9
a      461      467            3
a      214      450            3
a      205      171            1
a      278      260            8
a       26      356            1
a      500        4            1
a      268       57            1
a      435       75            7
a      331      249            6
a      319       39            1
a      127      386            2
a      345       58            4
a      202      128            1
a       14      207            2
a      379      301            1
a      206       51            9
a      214      310            6
a      132      234           10
a       57      411           10
a      371      278            2
a      260      461            4
a      252      457            8
a      398       39           10
a      445      411            7
a      447       87            5
a      250      118            9
a      452       84            7
a      236      438            5
a      146       46            5
a       70      258            8
a      387       93            2
a      108      138            9
a      489      179            3
a       57      486           10
a      268       71            1
a      317      490            5
a      139       81            1
a      427      471            5
a      145      118            3
a      372      318            5
a      147      107            4
a      417      445            6
a      250      438           10
a      499      482            1
a      196      158            6
a      202       39            8
a      123      296            3
a      266      439           10
a       55      318            2
a      118      269            4
a      470      388            9
a      474      133            2
a      396       59            6
a      467       98            2
a      280      425            2
a      424      283            8
a      445      420            2
a      499      159            3
a      239      323            1
a      200      120            2
a      319       74            7
a       45      292            1
a      394      467            8
a      423       37            8
a      316      322            6
a      293      258            1
a      429      324            5
a      484      248            9
a      495      335            9
a      326      478            7
a       74      364            3
a      348      431           10
a      208      330            9
a       31      269            1
a      404      437            2
a      402      441            5
a      417      230            7
a      351       46            5
a       66      419            2
a      168      152            9
a      361      117           10
a      164       67            7
a       26      437            5
a      198      483            9
a      132      313            2
a      131      267            7
a      368      493            6
a      445      187            7
a      227      377            7
a      313      257            1
a      230      296            9
a      447      454            8
a      128      341            8
a      366       49            6
a      430      104            3
a      120      390            7
a      487      499            3
a      129       55            9
a      341      413            4
a      471      436            5
a      466       59           10
a      426      448            2
a       94      277            8
a       58      301            2
a      303      473            4
a      384      421            1
a      145       93            6
a      498      448            1
a      162      247            3
a       79      426            8
a      296      151            4
a      334      220            3
a      328       62            3
a      332      444            9
a      210      269            6
a       84      148            8
a      319        2            6
a      462      355            7
a        3      323           10
a      271       24            3
a      463      209            9
a      304      470            4
a      454      482           10
a      267      277            9
a       14      278            2
a      313      278            4
a      415      459            3
a      232      240            4
a      365      203            3
a       61      490            4
a      470      104            9
a      492      352            6
a      423      181            4
a      444      417            8
a      409      135            7
a      154      364           10
a      204       98            2
a      400      270            6
a       90      321            3
a      267      114            1
a      214      500            1
a      471      427           10
a      231      447            5
a      346      429            5
a      175      369            8
a      499      235           10
a      213      351           10
a       79      220            5
a      169        2            9
a      287      411            8
a      446      359            5
a       16      330            9
a      248      331            5
a       22      101            9
a      367      427            8
a       61      195            6
a       77      468            6
a      290      169            3
a      129      304            8
a       73      391            6
a      184      305            2
a      472      258            8
a       37       22            4
a      402      118            1
a      360      483            4
a      361      212            2
a      312       37            7
a      154      187           10
a      288       26            2
a      288      401           10
a      227      323            8
a       14       75            3
a      456      475            8
a       88       20            9
a      182      237            8
a      423      112            5
a      416      312            7
a      202      419            8
a      290      462           10
a      445      351            4
a      456        5            5
a      245       44            8
a       23      356            3
a      104      202            6
a      239      475            7
a      335       20            9
a      490      298            1
a      375      479           10
a      303      395            1
a      470      315            9
a      223      221            6
a      205      189            5
a      487       98            2
a      117      311            7
a      101      297            8
a      417      256            7
a       61      193           10
a      226      309            4
a      396      126            8
a      399      279           10
a      394      202            2
a      465      195            3
a      114      132            8
a       32      399            7
a      471      198            7
a      234      276            1
a      260      339            3
a      163      281            3
a      480      442            6
a       35      420            6
a      196      371            6
a      256      125            1
a       11      396            6
a      426      250            3
a      383      247            6
a      302      497            4
a      179      172            9
a      155      205            9
a      340        8            5
a       50      317           10
a      488      494            1
a      497      273            4
a      114      266            6
a      109      291            8
a      242      219            7
a      389      210            4
a       90      222            8
a      497      125           10
a      325      488            8
a      411       65            8
a      437      218            1
a      192      312            7
a      150       76            2
a      171      317            7
a       19      388            5
a      247      318            8
a      100      483            7
a      166      434            4
a       71      469            5
a       41      473           10
a      275      352            9
a      184      175           10
a      456      332            8
a      213      384            5
a      337      263            4
a      294      441            4
a      322      306            2
a      352      176            6
a      300      465            6
a      500      486            6
a      461      337           10
a       12      382            6
a       42      115            3
a      123      313            8
a      186       74            7
a       91      288            2
a      379       85            2
a      457       46            1
a       51      406            4
a      166       46            9
a      495      394            1
a      285      111            9
a      198       58            9
a      320      371            7
a       52      333           10
a      294       31            3
a      179      265            8
a       45      133            2
a      287      346            2
a      471      140            4
a       35      116           10
a      266      154            3
a      409      225            2
a       32       41            9
a      461      122            2
a       62       26            3
a      110      181           10
a      443      113            5
a      367       61            8
a      138      262            9
a        3      365            4
a      110      383            6
a      147      178            9
a      117       88            7
a      296      386            1
a      287       70            1
a      461      294           10
a      203      195            6
a       17      396           10
a      267      117            7
a      356      381            9
a      296      259            9
a      105      305            3
a      425       34            8
a       28      185           10
a      101       47            3
a      175      188            4
a      170      339            4
a       45      434            8
a      313      411            4
a      268      449           10
a      369      434            1
a      330      211            6
a      419      493            7
a      408      290            2
a      305      222            3
a      239       55            6
a      206      449            3
a      269       75            3
a      234      262            7
a       24      335            7
a        9        5            2
a      267      120            6
a      103      306            4
a        8      484            1
a      284      160            1
a      391        1            4
a      489      491            5
a      274      137            3
a       59      337           10
a       88      414            9
a      326       37            3
a      192      240            1
a      321      318            7
a        2      179            5
a      472      236            6
a       91      201            5
a      414      247            9
a      403      420            1
a      199       56            6
a      380      130            2
a      500       35            7
a       92       13            2
a      142      172            8
a      446      247            9
a      147      474           10
a      111      342            9
a      293      236            2
a      133        5            7
a      111      361            8
a       68      434            6
a       89      195            3
a      112       10            9
a      375      465            3
a      384       38           10
a      158      474            7
a      463      271            2
a      495      134            6
a      285      212            7
a      293      337            3
a      270      378            9
a      335      355            8
a      336      464            5
a      206      229            1
a       58      141            5
a      238       89            1
a      343       36            4
a      131      430            8
a      362      271            1
a      201      186            1
a      435      368            1
a      341      309            7
a      262      152            3
a      119      198            5
a      122      326            7
a      133       19            8
a      188      277            1
a      155      391            9
a      169      237            4
a      348      415            9
a      298      412            8
a      304      284            2
a       70      309           10
a      493       31            7
a      262       32           10
a      208       17            4
a      458      492            1
a       19      423            3
a      245      117            4
a      291      363            5
a      245      338            3
a      324      180           10
a      411      352           10
a      269      200            3
a      319      433            8
a       40      430            4
a      264      303            1
a      105      249            7
a      101      458            4
a      167      141            8
a      127      122            3
a      466      396            3
a      280      436            4
a      121       40            5
a       80      358            2
a      244      407            6
a       32      235           10
a      250      455            8
a      171      421            1
a      215      354            3
a       44      393            9
a      385      401            8
a      201      274            8
a      376       54            7
a      154      315           10
a      493      202            4
a      418      409            2
a       46      345            5
a      405      415            1
a      490      498            1
a      399      163            4
a      280        7            8
a      351      257            9
a      269      407           10
a      468      460           10
a      163      136            9
a      406      271            8
a       23      190            6
a      435        7            6
a       45      290            7
a       59       92            3
a      409      208            2
a      488       43           10
a      275      218            4
a      261       88            2
a      126      499            1
a       36      171            5
a       14      481            8
a      308      150            2
a      462      272            1
a      322      357            3
a      160      282            3
a       14      291            6
a      380      149            5
a      123      156            1
a      479      317           10
a        9      128            1
a      200      453            1
a      337      212            4
a      485      449           10
a      454      304            5
a      440      357            1
a      284      114            8
a      129       42           10
a      496      412            9
a      380      214            2
a       24      162            3
a      381      239            3
a      280      490            6
a      415      369            3
a        5       98            4
a      240       14            2
a      312      143           10
a      248      282            6
a      357      387           10
a      259      306            3
a       14      353            6
a        3      251            4
a      143       76            4
a      126       50            8
a      249       45            1
a      300       72            8
a      384      330            7
a      383      409           10
a      166      474            1
a      373      429            5
a      154      183            1
a      330       32            7
a      138      486            1
a      285      341            5
a       86       75            1
a      187      139            5
a      147      217            9
a      298      473            6
a       70      235            4
a       70      256            4
a      387      306            5
a      469      111            3
a      479      481            7
a      349      400            1
a      435      165            5
a       35      144            3
a      224      483            4
a      439       38            4
a      271      383            4
a      138      327            9
a      458       68            6
a      109      129            9
a      486      320            4
a      465      176            8
a      229      120            7
a      344       59            8
a      469      455            1
a      359      273            5
a      408      144           10
a      342      279            6
a      401       49            9
a      467      319            6
a      201       43            3
a      204      471            6
a      356      191            4
a      484      236            6
a       49      193            3
a      374       40            3
a      338      277            1
a       57      128            7
a      240      356            1
a      397      249            6
a       41        7            3
a      412      423            1
a       39        6            8
a       55      319            2
a      178      432            9
a      268      499            3
a      153      130            3
a      450      289            6
a      155      143            5
a       95      118            2
a      330       63            6
a       80      466            4
a      437      144            8
a      285      461            5
a      431      414           10
a      493      264            8
a      390      479            1
a      295      103            3
a      261      166            5
a       58      251            7
a      432      184            8
a      325      214            7
a      480      486            3
a      444      220            7
a      291      106            4
a       93      320            3
a      417      324            7
a      333       86            2
a      193      168            9
a      272      419           10
a       89      366            1
a      464      433            5
a      289      144            7
a      147      283            8
a      229      384            6
a       52       11            6
a      129      493            2
a       59      235            3
a      164       72            1
a      145        9            3
a      499      320            8
a      197      243            4
a      322      411            6
a      489      410           10
a      441       38            7
a      300      110            2
a      203      129            4
a      459      233            1
a      251      278            7
a      328      105            2
a      121      327            3
a      114      494            6
a      286      110            5
a      175      320            8
a       21      325           10
a      452      174           10
a      381      157            7
a      473       87            8
a      199      290            8
a      411       28            1
a      191      135            3
a       61      255            9
a      225      220            3
a      191       34            7
a      274      409            5
a      173      139            6
a      382      326            9
a      452      302            3
a      220      107            2
a      415      464            3
a      445      402            8
a      457      250            2
a      149      369            3
a       86      104            8
a       98      215            8
a      215      364            1
a      382      282            6
a      408      438            3
a      309        1            6
a      192      349            2
a       99       73            3
a      239      132            7
a      478      120            8
a      153      493            2
a      300      120           10
a      306      153            1
a      166      436            1
a      193       44            6
a      380      334            8
a       46      345            4
a      212      474            5
a       19      425            8
a      125      489            3
a      104      357            1
a       68      433            4
a       58       88            2
a      451       57            3
a       56      253            8
a      145      108            2
a      432      332            6
a      196      102            5
a      409      109            6
a      494      278            9
a      383      379            9
a      263      311            7
a      464      413            7
a      131      139            9
a      199       47            2
a      458      214            8
a       72      246            7
a      326      498            5
a      305      222            6
a      152      308            8
a      350      421            3
a      100      121            8
a       42       38            3
a       71      138            2
a       45      328            2
a      256      416            4
a      351      448            8
a      188      307            6
a      213      193            2
a      320      168            3
a      151      220            2
a      101      177            3
a      258      188            8
a       85      161            3
a      447       78            2
a      404      133            9
a      196      339           10
a       65      130            5
a       52      419            3
a      363       87            4
a      409      183            3
a      419      130           10
a       73      181            7
a      230      175            2
a      198      250            5
a      411      152            9
a      488      447            4
a      239      490            7
a      452      413            3
a      465      284            2
a      107      315            1
a      362      127            3
a      239      189            5
a      384      241            2
a      249      137            5
a      380      394            8
a      139       40            5
a      287       64            1
a      430      153            4
a      332      461            6
a      123      236            6
a      339      312            6
a      392      103            1
a      405      291           10
a      305      359            3
a      317       54           10
a      273      374            6
a      329      152            9
a      354      482            4
a       96      474            3
a      226      244            7
a      341       12            9
a      411      118           10
a      106      399            8
a      323      289            2
a      269      159            7
a      295      475            9
a      319       70            1
a       30        7            8
a      321      325            5
a      330       92           10
a      340      462            9
a       75      230            6
a      114      149           10
a       90      418            3
a      152      466            2
a       34      389            8
a       29      288            5
a      389      395            7
a       91      245            9
a      427      177            1
a      443      474            2
a      321      108            1
a      100       88            2
a      148      199            3
a      397      352           10
a      156       59            5
a      331       49            6
a       40      145            8
a      275      395            9
a      424      138            6
a      163      214            2
a      431       67            2
a       47      211            8
a      477      348            9
a      184      387            6
a      433      314            4
a      136       64            1
a      357      340            5
a      216       13            2
a      327      195            4
