c random network for shortest paths problem
c extended DIMACS format
c
t rd_100_2000_100_l
c
c length -> min: 1 max: 10 k1: 0.00 k2: 0.00
c
p sp      100     2000
c
n        100
c
a        1        2            3
a      100        1            7
a        2        3            8
a        3        4            7
a        4        5            3
a        5        6            7
a        6        7           10
a        7        8            2
a        8        9            9
a        9       10            8
a       10       11            5
a       11       12            2
a       12       13           10
a       13       14            1
a       14       15            8
a       15       16            9
a       16       17            3
a       17       18            2
a       18       19           10
a       19       20            4
a       20       21            6
a       21       22            4
a       22       23            9
a       23       24           10
a       24       25           10
a       25       26            8
a       26       27            4
a       27       28            2
a       28       29            8
a       29       30            3
a       30       31            7
a       31       32           10
a       32       33            6
a       33       34            6
a       34       35            7
a       35       36            1
a       36       37           10
a       37       38            2
a       38       39            5
a       39       40            8
a       40       41            9
a       41       42           10
a       42       43           10
a       43       44            6
a       44       45            4
a       45       46            1
a       46       47           10
a       47       48            1
a       48       49            9
a       49       50            8
a       50       51            9
a       51       52            4
a       52       53            5
a       53       54            1
a       54       55            2
a       55       56           10
a       56       57            5
a       57       58            1
a       58       59            7
a       59       60            3
a       60       61            7
a       61       62            6
a       62       63            5
a       63       64            9
a       64       65            9
a       65       66            2
a       66       67            9
a       67       68            1
a       68       69           10
a       69       70            6
a       70       71            8
a       71       72            9
a       72       73           10
a       73       74            1
a       74       75            6
a       75       76            1
a       76       77           10
a       77       78            9
a       78       79            7
a       79       80            8
a       80       81            9
a       81       82            1
a       82       83            6
a       83       84            7
a       84       85            4
a       85       86            4
a       86       87            2
a       87       88            1
a       88       89            5
a       89       90            7
a       90       91            7
a       91       92            5
a       92       93            7
a       93       94            3
a       94       95            1
a       95       96            4
a       96       97            6
a       97       98            2
a       98       99            2
a       99      100           10
a       65       60           10
a       43       52           10
a       39       59            7
a        3       56            1
a       90       23            4
a       56       74            6
a       16       65            5
a       42       94            8
a       66       61            4
a        6       20            5
a       38       43            5
a       23       69            9
a       11        5            3
a       54       21            5
a        4       48            3
a        8       57            2
a       75       48            5
a       21       94            3
a       92       74            4
a       12       32            5
a       13       60            1
a       69       46            9
a       51        4           10
a       97       16            6
a       28       42           10
a       32       62            1
a       71       57            2
a       91       74            1
a       53       83            4
a       43       76            7
a       73       55            2
a       66       20            9
a       40       90            1
a       28       84            7
a       78       41            3
a       87       59            2
a       28       88            9
a       18        2            6
a       57       84            1
a       83       76            3
a       84       98            3
a       54       37            6
a       80       41            9
a       21       39            2
a       11       40            7
a        2       37            5
a       15       79            9
a       75       73            5
a      100        8            5
a       40        3           10
a       69       22            1
a       82       85            1
a       65        5            8
a        9       92            7
a        4       37            7
a       80       89            4
a       99       12            6
a       14       56            4
a       66       21            4
a       19       43            6
a       92       97            2
a       53       52            6
a       72       93            9
a       16       61            6
a       40       31            3
a       86       61            3
a       82       67            9
a       67       27           10
a       91       22            5
a        2       53            4
a        1        6            7
a       76       45            3
a       63       33            5
a       87       34           10
a       42       32            7
a       16       66            3
a       63       81           10
a       91       16            8
a       97       92            9
a       80       36            4
a       66       10            1
a       51       45           10
a       44       50            3
a       38       89            5
a       62       14            6
a       88       24            1
a       34       14            7
a       69       34            1
a       36        2            8
a       52       71            4
a       85       71            1
a       59       71            5
a        2        1            3
a       97       49            7
a       44       17            8
a       58       63            6
a       30       66            7
a       91        3            8
a       22       80            4
a       82       25            2
a       14        9            9
a       25       39           10
a       64       11            4
a       35       36            5
a        2        5            8
a       32       99            9
a       89       48            3
a       63       44            9
a       45       94            4
a       88       40            5
a       21       11            2
a        2       74            2
a       83       37            8
a       87       89            3
a       70       52            8
a       30       93            2
a       19       43            8
a       77       80            4
a       81       19            1
a       84       70            9
a       13       21           10
a       52       33            1
a       10       32            9
a       61       52            8
a       37       79            6
a       67       99            1
a       37       64            5
a       67       12            4
a       19       29            4
a       94       19            1
a       85        1            6
a        5        4            4
a       33        6            1
a       75       25            5
a       52       84           10
a        4       45            3
a       45       71            9
a       86       24            8
a       20        7           10
a       56       86            1
a       80        6            6
a       76        7           10
a       54       66            4
a       62       90            2
a       30       66           10
a       92       14            9
a       53       46            2
a       75       70            6
a       44       93            6
a       59       95            3
a       71       28            1
a       16       10            3
a       42       69            8
a        7        4            4
a       56       17            6
a       66       16            8
a       87        4            2
a       42       67            4
a       34       57            3
a        4       31            5
a       53       40            6
a       36       57            6
a       99       42            8
a       98       56            3
a       24       56            2
a       30       11            9
a       10       96            4
a       19        4            1
a       71       72            8
a       36       41           10
a       69       18            4
a       79       40            9
a       27       34            2
a       28       54            4
a       96       76            3
a       64       26           10
a       20       61           10
a        2       36            9
a       38       34            5
a       77       28            5
a       80       50            5
a        2       39            2
a       66        7            6
a       44        5            6
a       70       30            5
a       97       85            8
a       77       27            6
a       99       32            3
a       81       36            7
a       87       60            5
a       57        9            9
a       20       79            2
a       13        6            2
a       43        1            7
a       26      100            5
a        8        6            2
a      100       90           10
a       51       39            1
a       16        4            2
a        2       82            3
a       98       38            8
a       58       20            6
a       11       74            4
a        1       94            1
a       84       80           10
a        5       53            9
a       89       45            2
a        3       61            7
a        6       72            9
a       36        8           10
a        8        7           10
a       29       13           10
a        8       91            3
a       64       19            4
a       64        6            5
a       33       44            2
a       84       79            7
a       89       14           10
a       66       50            5
a       75        5            3
a       84       19            1
a       57       19            7
a       65       19           10
a       52       56            7
a       21       23            2
a       31       74            8
a       69       59            8
a       72       22            4
a       11       27            6
a       89       84            8
a       90       55           10
a       61       88           10
a       80       85            5
a       11       67            5
a       54       58            4
a       81       72            7
a       85       35            9
a       53       17            5
a       10       66            7
a       59       13            5
a       77       40            9
a        3       21           10
a       83       46            3
a       11        9            5
a       49       76            3
a       88       82            1
a        3       67            4
a       37       52            1
a        8       76           10
a       41       65            4
a       51       62            3
a       95       79            3
a        1       90            7
a       93       25            6
a       53       72            1
a       24       96            1
a       36       73            2
a        2       34            9
a       64       93            1
a       12        5            2
a       45       73            3
a       83       60            8
a       88       83           10
a       93       65            3
a       11       19            1
a       46       26            7
a       48       38           10
a       63       36            1
a        2       77            6
a        9       94           10
a       74       21            8
a        2       34            4
a       59       90            8
a      100        4            5
a       19       15            4
a       88       39           10
a       58       57           10
a        8       10            4
a       57       16            2
a       94       14            1
a       70       96           10
a       52       21           10
a       25       30            5
a       34        4            8
a       70       20            3
a       95       38            6
a       44       72            5
a       72       21            6
a       26       90            5
a       81        6            9
a       62       95            5
a       95       44            3
a       22       93            6
a       21       37            1
a        7       72            9
a       97       96            2
a       31        3           10
a       79       80            8
a       72       39            8
a       87       98            5
a       72       88           10
a       71       18            4
a       75       79            9
a       17       22            2
a       36       51            1
a       22       86            2
a       69       81            2
a       59       54            3
a       70       32            5
a       25       15            4
a       69       94            4
a       70       38            7
a       96       13            8
a       25       79            2
a       91       41            1
a       89       94            8
a       67       65            9
a       32       45           10
a       10       30           10
a        1        2            5
a       75       37            5
a       28       58            2
a       64       55            7
a       26       21            6
a       68       28            6
a       11       64            4
a       17        3            1
a       92       75            1
a       17       93            5
a       58       66            1
a      100       53            6
a       72       62            8
a        9       18            8
a       63       80            9
a       60       57           10
a       84       53            8
a       60        1            8
a       56       93            5
a       35       38            7
a        5       95            5
a       80       98            9
a       36       98            3
a       37       73            2
a       48       39            8
a       55       10            8
a       14       41           10
a       73       45           10
a       33       25            8
a       55       21            9
a       41       30            8
a       61       50            2
a       12       58            7
a       29       45            1
a       27       21            8
a       59       41            5
a       38       26            5
a        9       93            9
a       22       41            7
a       58       11            4
a       80       81           10
a       71       41            8
a       47       73            7
a       65       89            4
a       56       37            2
a       84       79            6
a       84       40           10
a       26       45            3
a       84        6            2
a       83       36            2
a       76       34            9
a       17       82           10
a       21       23            9
a       10       69            9
a       65       20            8
a       41       12            2
a        1       90            3
a       62       99            2
a       17       55            8
a       76        6            6
a       42       78           10
a       67       84            3
a       57       56            3
a        6       86            1
a       12       28            3
a       50       19            7
a       70       66            9
a       66       72            8
a       48       79            4
a        5       41            9
a       82       40            9
a       59       54            1
a       12       79            8
a       24       43            8
a       85       97            8
a       54       84            2
a       67       91            4
a       13       63            3
a       16       78            4
a       30       69            2
a       71       53            1
a       37       59            2
a       56       41           10
a       82       65            3
a       64       21           10
a       31       38            6
a       58       31            1
a       41       43            8
a       47       32            4
a       10       34            3
a       71       73            3
a       41       30           10
a       30       24            8
a       22       32            8
a       60        7            6
a       64       99            2
a       46       56            5
a       76       99            8
a       11       20            5
a       10        9            5
a       12       57            9
a       88       48            5
a       95        3            7
a       25       67            3
a       30       51            7
a       72       83            7
a       97       73            5
a       26       20            5
a        6       85            5
a       34       41            1
a       82       98            3
a       58       35            2
a       84        8            3
a       79        4            8
a       92       58            8
a       21       93            5
a       85       32            6
a       91       74            7
a       62       93            7
a        9       44            6
a       21       13            1
a       16       98           10
a       44       51            6
a       95       45            9
a       92       91            9
a       78       30            5
a       17        5           10
a       93       41            8
a       45       27            3
a       82       13            2
a       88       47            5
a       52      100            9
a       73       14            3
a       78       17            5
a       12       51           10
a       72       73            7
a       14       18            5
a       38       25           10
a       75       67            8
a       67       35            7
a       16       48            3
a       74       87           10
a       39       59            4
a       37       97            5
a       24       29            1
a       91       77            7
a       69       20            7
a       57       23            2
a       39       56            8
a       34       36            1
a        4       19            6
a       80       30            5
a       20       90            4
a       58       64           10
a       80       57           10
a       64       23            2
a       45       74            3
a       35       65            9
a        9       34            9
a       48        2            3
a       60       78            8
a       76       15            4
a       47       83            9
a       82       66            7
a       75       46            2
a       80       68            2
a       85      100            6
a       78       58            3
a       22       35            3
a       67       51            8
a       13       19            4
a       83       90            2
a       19       33           10
a       10       71            5
a       79       43            3
a       55       77            8
a       89       47            4
a       30       92            6
a       93       13            8
a       37       30            9
a       60       50            1
a       63        1            2
a        2      100            3
a        5       35            3
a       77       63            5
a       70        8            6
a       89        3            6
a       88       59            7
a       89       74            1
a       85       23           10
a       15       59            8
a       45       25            1
a       14       72            2
a       89       29            6
a       59       24            6
a       77       82           10
a       53       88            1
a       93       16            8
a       77       44            1
a       81       24            3
a       68       26            2
a       21       92            4
a       35       73            9
a       13       78            3
a       65       79            1
a       82        7            4
a       34       52            3
a       59       11            8
a       31        9            5
a       15       54            2
a       87       18            8
a      100       91            1
a       51       87            5
a       92       45           10
a       61       37            1
a       58       32            7
a       45       69           10
a       75       41            8
a       44       56            2
a        7       73           10
a       64        7            9
a       11       34           10
a       57       45            3
a       44       18            7
a       84       82            9
a       43       55            7
a       59       30            4
a       96       77            8
a       32       31            7
a       43       13            6
a       82        3            2
a       66       53            6
a       82       81            6
a       36       29            5
a       26       87            2
a       90       98            5
a       64       51            3
a       15       83            3
a       56       83            1
a       91       21            2
a       30       49            4
a       29       95            5
a       87      100            7
a       77        8            1
a       96       41           10
a       48       95            5
a       15       68            3
a       49       23            5
a       27        5            2
a       61       51            7
a       38       98            9
a       68       50            9
a       71       28            6
a       92        6            6
a       50       46           10
a       94        4            7
a        2       14            3
a       45       61            5
a       31       38            3
a        1       74            6
a       30       42            5
a       11       31            9
a       71        5            7
a       87       32            9
a       35       80            6
a        9        5            9
a       35       86            3
a       64        3            1
a       18       22            8
a       35        8            7
a       34       45           10
a       39       10            8
a       49       20            3
a        4       63           10
a       80       47            8
a       60       32            9
a       16       96            5
a       51       27            2
a       50       44            5
a       46       11            6
a       77        8            3
a       50       74            5
a       23       44            1
a       61       97            1
a       40       77            9
a       71       35            9
a       38       93            7
a       45       64            4
a       68       22            8
a       16       15           10
a       89       51            5
a       79       36            4
a       93       47            7
a       91       89           10
a       56       15           10
a       22       94            8
a       32        4            4
a       44       58            8
a       54       19            8
a       50       76            9
a       88       85            4
a       98       52            9
a       81       40            7
a       46       39            2
a       27       68            4
a       28       75            3
a       70       72           10
a       78       77            9
a       13       55            6
a       16       71            1
a        8       73            2
a       89       82            3
a       98       57            5
a       22        3           10
a       35       50            3
a       51       34            7
a       40       31            8
a       99       24            3
a       95        8            3
a       13       16            9
a       57       45            4
a       11       51            1
a       21       97            9
a       86       22            9
a       82       75            4
a       69       95            7
a       68        1            2
a       96       72            4
a       24       92            2
a       30       66           10
a       44        6            3
a       42       96            9
a       11       71            6
a       11       18            9
a       63       81            9
a       12       93            8
a       11       51            2
a       27       38            4
a       86       12            8
a       68       41            2
a       14        3            6
a       17       57            3
a       31       23            2
a       63       54            1
a       58       19            3
a       82       67            7
a       73       32            6
a       11       67            9
a        4       83            5
a       73       46            8
a       79       60            3
a       55       38            8
a       19       43            6
a       75       67           10
a       97       57            8
a       70       60            1
a       85       34            2
a        7       76            7
a       73       54            2
a       32       60            2
a       98       78            2
a        3       36            3
a       86       99            7
a        2       81            4
a       59       16            4
a       77       24            8
a       87       10            8
a       51       36            3
a       35       86            9
a       46       57           10
a       32       75            8
a       74       11            2
a       86        9            7
a       14       47            4
a       98       46            7
a       16       14            2
a       40       96            3
a       85       66           10
a       63       57            7
a       69       54            2
a        1       39            5
a       16       13           10
a       40       10           10
a       55       40            1
a       84        3           10
a       69       61            3
a       63       60            6
a       43       81            6
a       67       63           10
a       88       89            6
a       94       44            1
a       49       85            5
a       29       30            5
a       34       62            4
a       51       83           10
a       26       32            2
a       92       94            1
a       35       75            6
a       45        5            8
a       16       20            6
a       19       26            3
a       66       22            6
a        2        8            4
a       77       62            8
a       89       81            4
a        7       94            5
a       75       30            1
a       35       34            1
a       11       25           10
a       22       90            4
a       18       32            6
a       92       42            5
a       83       42            5
a       85       23            9
a       15       54            6
a       31       15            7
a       65       46            7
a       96       18            9
a       56       69            5
a       56        3            6
a       76       40            6
a       28       81            1
a       40       78            1
a        1       66           10
a       79       55            2
a       35       27            9
a       97       85           10
a       49       40            4
a       58       16            5
a       64       65            2
a       19       83           10
a       95       82            9
a       72       62           10
a        8       13            9
a       74       94            8
a       97       57            2
a       65       80            4
a       39       12            2
a      100       25            5
a       76       66            3
a       81       86            3
a       13       96            5
a      100       91            9
a       65       11           10
a       70       88            8
a       63       78            3
a       29       12            5
a       47       13            7
a       32       98           10
a       10       19           10
a       87       82           10
a       33       31            6
a       78       59            9
a       85       36            1
a        1       28            9
a        6       74           10
a       96        6            6
a       99       23            7
a       64       11            5
a       84       43           10
a       31       60            8
a       74       28            8
a       98       43            2
a       51       98           10
a       22       59            3
a       97       74            2
a       55        3            9
a       45       96            5
a       45        7            7
a        8       15            6
a       21       37            1
a       88       26            3
a       78       24            6
a       99       16            3
a       41       33            9
a       46       85            6
a       43       93            3
a        7       32           10
a        8       61            9
a        6       35            8
a       58       86            4
a       98        1            1
a       56       59           10
a       64       68            2
a       29       58            5
a       22       94            9
a       95       54            2
a       99       30            2
a       36       95            8
a       37       68           10
a       22       11            2
a       29       33            2
a       24       12            3
a       69       47            8
a       42       95            4
a       40       89            6
a       72       67            3
a       25       74            9
a       50       25            5
a       65       17            6
a       41       12            2
a       16       77            3
a       94       21            2
a        6       49            5
a       65       30            3
a       99       72            4
a       75       26            7
a       93       73           10
a       14       82            1
a       17       61            2
a      100       84           10
a       50       55            7
a       58       23            4
a       28       40            7
a       51       72           10
a       78       82           10
a       84       89            6
a        1       74            4
a       81       65            9
a       23       47            7
a       93       45            2
a       83       64            1
a       95       31            2
a       27       30            5
a       21       64            1
a        6       45            7
a       45       32            8
a       50        5            5
a       16       53            3
a       41       64            2
a       75       24            1
a       40       14           10
a       10       77            5
a       65       57            5
a       57       51            1
a       53       40            1
a       31       11            7
a       50       77            5
a       56        5            6
a        3       19            1
a       76       61            2
a       42        6            8
a       55       50            4
a       23       36            2
a        5       87            6
a       36       85            8
a       89        1            3
a       42       29            8
a       67       81            7
a       18        4            3
a       15       29            8
a       45       46            6
a       24        4            6
a       70       93            1
a       57       98            4
a       20       96            7
a       82       66            5
a       28       34            7
a       72       16            6
a       70       26            1
a       94       37            1
a       73       61            5
a       64       75            4
a       83       58            7
a       49       74            2
a       46       53            2
a       86       61            4
a       36       99           10
a       58       61            8
a       85       99            8
a       89        4            6
a        6       84            6
a       19       17            2
a       51       44            6
a       16       26            6
a       78       58            1
a       43       71            5
a       22        4            3
a       15        4            2
a       99       47            5
a       47       89            6
a       50       95           10
a       98       44            3
a       85       79            3
a       11       70            2
a       76       85            3
a       27       84            4
a       34       70            1
a       52        3            7
a       64       95            3
a       99       58            8
a       71       98            9
a       28       62            4
a       20       86            9
a       39       35           10
a       62       36           10
a       59       79            4
a      100       29           10
a       75       85            7
a       18       28            4
a       55       31           10
a       83       44            8
a       88       98            4
a       54       10            4
a       39       83            8
a       14       92            3
a       26        1            8
a       16       47            2
a       44       12            7
a       76       11            4
a       68       12            4
a       22       91            2
a       88       72            9
a       16       86            5
a       15       64           10
a       62       31            2
a       90        7            4
a       71       28            4
a       20       28            9
a       81       31            3
a       47       84            4
a       24       69            6
a       20      100            4
a       96       44            1
a       24       50            4
a       33       45            6
a       67       54            7
a       71       89            1
a       78       80           10
a       69       57            4
a       52       29            2
a       98       72            4
a       69       28            1
a       99        3            1
a       97       67           10
a       20       47           10
a       86       38            1
a       51       66            4
a       13       47            9
a       26        6            2
a       32       43           10
a        6       46            8
a        3       62            5
a       64       68            3
a       92       68            5
a       16       44            1
a       54       88            1
a       83       87            6
a       36       11            8
a        5       89            7
a       64       83            2
a        8       23            6
a       28       44            4
a       78       34            1
a       32       95           10
a       69        7            1
a       49       63            4
a       15       17           10
a       73       58            8
a       78        2            7
a       23       83            8
a       68       94            4
a       79       61            4
a       97       46            6
a       42       97           10
a       89       83           10
a       77       73           10
a       51      100            2
a       40       36            6
a        4       63           10
a       87       83            2
a       49       18            4
a       65       14            2
a       45       80            6
a        4       47            3
a       29       48            4
a       68       46            1
a       97       95           10
a       69       26           10
a       96       29            1
a       69       32            2
a       75        5            5
a       25        9            5
a       49        2            9
a       14       84            7
a        1       79            6
a       43       96           10
a       82       55            8
a       97       81            8
a       51       43            1
a       48       89            5
a       26       35            5
a       35       52            2
a       99       47            6
a       67        6            6
a       33       62            1
a       42       80            1
a       51       68            4
a       14       23            7
a       19       68            9
a       35       64            4
a       59       79            8
a       47       46            8
a       94       63            2
a        1       32            3
a       70       30            3
a       59       62            2
a       95       88            6
a       54       25            3
a       45       73            1
a       11       41            2
a       89       21            6
a       66       74            9
a       45       17            9
a       44       30            9
a       14       24            6
a       36       18            1
a       44       95            6
a       65       69            8
a       59       21           10
a        2       88            9
a       81       27            3
a       81       80            3
a       59        1            3
a       80       97            5
a       13       74            3
a       78       51            1
a       13       16            8
a        5       86            4
a       89       59            8
a       35       62            1
a       70       75            2
a       81       40            6
a       91       61            2
a       49       93            9
a       38       26            8
a       13       37            2
a       80       45            6
a       72       38            5
a       20       95            5
a       14       52            8
a       74       41            9
a       34       81            9
a       51       88            8
a       70       49            7
a       10       38            6
a       54       52            5
a       44       33            1
a       67       22            6
a       22       94            5
a       16       20            4
a        3       54           10
a       34       94            2
a       66       46            1
a       94       45            4
a       23       58            7
a       31       29            8
a       37        4            9
a       33       30            6
a       35       36            8
a       37       92            7
a       14       20            9
a       48       23            1
a       11       53            9
a       36       91            9
a       72       22            3
a       48       84            5
a       83       12            5
a       99       40           10
a       89       49            7
a       75       33            2
a       96       77            4
a       77       38            1
a       76       79            8
a        2       30            4
a       64       51            9
a       89       30            4
a       47       77           10
a       39       38            2
a       80       57            4
a       57       88            5
a       33        8            5
a       93       38            2
a       87        7            4
a       79       93            1
a       85       89            2
a       18       82            8
a       86       21           10
a        6       23            1
a       10       71            6
a       48       37            9
a       30       29            8
a       13       52            9
a       84       68            5
a       52       65            4
a        6       21            5
a       62        3            5
a       31       92            9
a       82       23            1
a       98       91           10
a       88       54            2
a       43       13            2
a       28       86           10
a       19        9            1
a       31       57            9
a       43       95            1
a       26       53            9
a       99       50            6
a       78       97           10
a       71       41           10
a       55       57           10
a       13       35            8
a       35       34            7
a       76       80            6
a       66       33            5
a       43        5            3
a       62       55            3
a       19       42            5
a       74       62            2
a       57       80            6
a       26       98            1
a       51       54            5
a       43       52           10
a       91       22            5
a      100       48            9
a       71       89            2
a       30       68            7
a       27       58            6
a       35       83            1
a       45       15            1
a       86       72            1
a       51       95            2
a       68       70           10
a       73       83            7
a       88       46            8
a       51       22            8
a       85       26           10
a       74       69            2
a       58       16            4
a       67       86            4
a       58        6            3
a       66        4           10
a       89       74            7
a        4       28            1
a       13       11            8
a       40        9            6
a       70       62            4
a       95       37           10
a       16        2            1
a       72      100            3
a       55       69            3
a       66       88            3
a       88       43            8
a       49       22           10
a       94       26           10
a       71       65            5
a       94       64           10
a       34       77           10
a       76       95            9
a       82       28            9
a       65        9            5
a       13       34            4
a       42       24            9
a       86        5            1
a       44       36            4
a       63       85            2
a       52       73            5
a       46       20            6
a       48       78           10
a       17       56            4
a       45       84            4
a       91       21           10
a       12        9            2
a       20       14            1
a       93       66            7
a        6       60            4
a        7       62            1
a       75       30            9
a       85       49            3
a       61       75            9
a       45        6            3
a       57        8            4
a       12       45            5
a       65       73            7
a       69       21            1
a       55       15            5
a       74       25            3
a       30       69            2
a       74       39            4
a       51       20            7
a       77       22            4
a       98       70           10
a       55       24           10
a       28       92            6
a       19       91            6
a      100       73            8
a       79       45            9
a       32       59           10
a       75       39            1
a       90       24            2
a       77       78           10
a       48       45            8
a       33       62            3
a       78        2            2
a       79       51            8
a       73       24            2
a       67       15            3
a       85       36            7
a       21        6            7
a       93       68            8
a       68       93            3
a       45      100            5
a       76       94            3
a       51       40            1
a       35       81            1
a       73        6            1
a       22       59            7
a       78       23           10
a       29       41            3
a       26      100            5
a       19       47            9
a       91       29            3
a       24       39            7
a       78        1            8
a       33       94            8
a       80       77            1
a       20       27           10
a       51       19            7
a       28       91            9
a       42       19            6
a       47       97           10
a       62       26            8
a       66       92            7
a       23       91            7
a       83       92            7
a        1       22           10
a       87       88            4
a       79       29            8
a       49       51            6
a       16        8            9
a       39        7            1
a        2       94            6
a       12       22            9
a       51       49            5
a       74       82            6
a       32       34           10
a       39       95            6
a       80       43            7
a       84       17            3
a       14       38            9
a       39       63            3
a       62       43            9
a       70       96            5
a       17       91           10
a       25       83           10
a       63       56            7
a       23       68            9
a       66        2            8
a       46       49            2
a       80       87           10
a       16       47            3
a       17        9            5
a        2       26            8
a        6       13            8
a       89       64            5
a       21       33            9
a       23       82            1
a       71       92            5
a        8       13            2
a        6       77            2
a       87       50            1
a      100       78            2
a        2       13            3
a       14       53            4
a       84       64            7
a       19       32            1
a       45       52            8
a       38       34            8
a        2        1            7
a       56       28            7
a       89       16            5
a       96        1            8
a       23       73            1
a       65       27           10
a       26       69            2
a       67       93            7
a       17       98            8
a       19       14            1
a       62        8            3
a       46       32            2
a       27       96            8
a        1       84            8
a        4       30            6
a       34       17            4
a       28       40            1
a       38       68            3
a       36       55            1
a       23       71            7
a       38        7            3
a       11       78            3
a       78       35            6
a       93       38            4
a       97       58           10
a       80       68            9
a        8       93            3
a       71        3            1
a       62       95            5
a       63       91            3
a       45       29            3
a       90       35            8
a       41       21            5
a      100       47           10
a       74       20            8
a       73       29            7
a       31       48            5
a       52       99            4
a       98       73            3
a       96       53            1
a       60       92            2
a       56       48            1
a       39       99            6
a       60       29            2
a       81       63           10
a        3       72            8
a       59        9            9
a       82       56            3
a       30       68            8
a       69       68            9
a       49       82            5
a       67       51            8
a       11       43            6
a       19       88            5
a       81       58            7
a       73       25            4
a       48       64            9
a       54       91            6
a       91       78            8
a       79      100            9
a       95       63            8
a       15       52           10
a       48       28            5
a       20       39            6
a       14       20            6
a       73       89            7
a       34       30            4
a       31       98            1
a        3       78           10
a       40       81            6
a       70       95            8
a       29        4            1
a       81       22            6
a       54       11            3
a       55       67            7
a       72       37            6
a       70       67            3
a       93       91            9
a       79       94            3
a       77        7            3
a       13       85            9
a       26       14            7
a       85       49            8
a       84       61            8
a       75       87            5
a       18       65            2
a       17       74            4
a       13       45            4
a       50       84           10
a       73       43            9
a       48       71            1
a       89       92            9
a       52        1            8
a       52       21            9
a       65       99            6
a       48       40            8
a       94       86            7
a       21       62           10
a        8        1           10
a       55       61            9
a       32       38            3
a       54       60            9
a       41       95            6
a       75       86            3
a       63        3            6
a       32       98            6
a       50       89            1
a       33       23           10
a       69       80            2
a       72       15            1
a       54       27            8
a        5       40           10
a       90       52            7
a       36       65            7
a       12       24            3
a       69       20            3
a       12       10            7
a       38       51            4
a       20       28            5
a       63       55            7
a       69       78            6
a        9       37           10
a       77       33            8
a       78       88            1
a       27        2            4
a       30        9            5
a       22       86            2
a       30       67            5
a       57       18            8
a        3       74            9
a        6       40            2
a       52       21           10
a       72       61            2
a       70        6            1
a       19       64            7
a       30       69            2
a       21       19            3
a       91       84            3
a       70       45            4
a       81       31            3
a       20       32            9
a       89       44            1
a       85       19            9
a        2       30            4
a       12       55            8
a       85       49            6
a        3       43            5
a       57       24            4
a       76       87            1
a       23       85            4
a       62       44            8
a       85       33            3
a       10       55            2
a        6       80            1
a       78       11            2
a       81       73           10
a       88       45            4
a       50       76            7
a       76       20            5
a        3       92            9
a       99       26            9
a       84       15            1
a       51       43            5
a       84       50            5
a       16       42            2
a       80       56            7
a        6       74            2
a       46       90            1
a       37       68            3
a       98       73            1
a       94       17            5
a        7       26            8
a       14       17            5
a       43       70            1
a        8       51            9
a       51       85            7
a       34       81            7
a        3       42            8
a       55       47            8
a       67       55            2
a       72       99            3
a       85       37            4
a       48       33            1
a       38       58            2
a       60       30            4
a        1       28            4
a       61       81            8
a       63      100            5
a        8       39            4
a       21       69            6
a       77       18           10
a        1       24            5
a       15       53            6
a       65       40            7
a       71       46            2
a       37       16            8
a       10        3            6
a       27       37            5
a       63       41           10
a       35       85            5
a       50       24            5
a       15       38           10
a       83       51            7
a       88       76            7
a       30        1            1
a       96       86            1
a       73       46            5
a       32       33           10
a       27       61            7
a       37       21            5
a       87       34            8
a       32       56            2
a       23       77            2
a       27        5            6
a       97       13            1
a        9        5            3
a       43       92            7
a       60       72           10
a       71       59            9
a       11       58            6
a       44       43            7
a       83       44            4
a       34       27            2
a       99       91           10
a       95       62            3
a       78       49            6
a       75       64            1
a       55       96            6
a       84       65            1
a       83       80           10
a       17        6            6
a       83       85            8
a       93       47            3
a       28       22           10
a       63       29           10
a       19       16            7
a        2       42            6
a       34       30           10
a       70      100            8
a       90       19            4
a       98       63           10
a       93       13            5
a       91       95            3
a       99       79           10
a       87       68            3
a       41       36            6
a       70       12            8
a       75        7            2
a       42       35            1
a       80       79            4
a        5       96           10
a       54       96            2
a       67       75            9
a       61       44            4
a       54       87            3
a       77       67           10
a       50       74            8
a       71       14            8
a       29       79            1
a       28       81            2
a       86       85            7
a       55       38            9
a       98       41            7
a       58        8            5
a       69       23           10
a       30       55            4
a       56       16            9
a       27       38            7
a       25       94            2
a       95       16            3
a       74       56            2
a       10       22            4
a       83       85            6
a        5       14            1
a       94       19           10
a       91       33            8
a       81       80            5
a       33       98            2
a       76       68            2
a        4       32            7
a       67        3            7
a       58       61            3
a       67       10            7
a       28       23            9
a       11       59            7
a       19       90            9
a       94       12           10
a        4       93            4
a        2       90            8
a       69       65            3
a       60       36            4
a       91       22            4
a       13       87           10
a       70       96            2
a       34       16            4
a       13       38            1
a       36        9            9
a       70       79            3
a       20       39            2
a       13       29            1
a       62       17            5
a       84       73            5
a       96       39            5
a       83       75            6
a       95        2            2
a       40       71            9
a        4       69            9
a       78        1            2
a       98        2            5
a        7       51            1
a       93       65            7
a       69       39            3
a       43       73            3
a       49       16            4
a       78       55            6
a       61       76            6
a       62       48            6
a       53       85            7
a       29       45            1
a       31       89            4
a       91       10            3
a       47       31            2
a       62       20            8
a       99       44            9
a       78       25            6
a       70       14            2
a       92       59           10
a       55       28            7
a       73       39            1
a       56       46            4
a       49       16            3
a       76        7           10
a       14       34            6
a        3       99            7
a       19       66            4
a       38       56            1
a       20       30            3
a       96       54            8
a        6       39            5
a       91       78            7
a       18       66            3
a       94       69            7
a       31       85            9
a       59       63            4
a       84       34            1
a       21       60            1
a       13       71            9
a       47       94            2
a       53       35            3
a       56       31            8
a       60       56            6
a       74       77            1
a       26       45            2
a       57       30            1
a       67        2           10
a       71        4            6
a       33       36            6
a        1       45            2
a       59       76            4
a        2        5            3
a       93       44            4
a        6       62            4
a        6       46            6
a       12       91            3
a       25        1           10
a       38       88           10
a       63       42            6
a       20       54            8
a       60        6            9
a       95       35            3
a       69        8           10
a       84        1            6
a       28       94            2
a       17       40            4
a       98       93            2
a       79       89            2
a       13       31            7
a       47       23            6
a       41       13            7
a       38       68            6
a       70       77            9
a       93       56            2
a       22       13            9
a       70        7           10
a       72       41            2
a       27       44            3
a       14       91            3
a       12       97            6
a        5       88            3
a       46       92            7
a       64       86            4
a       46        8            2
a       64       16            8
a       51       58            3
a       98        5            2
a       16        5            2
a       64       51            3
a       66       74            3
a        6       97            7
a       87       96            7
a       45       91            4
a       43       18            8
a       83       28            1
a       78        3            7
a       50       46            8
a       85       29            7
a       22       91            1
a       17       47            8
a       78       97            5
a       33       63            7
a       47       78            3
a       37       33            3
a       89       26            5
a       48       50            5
a       61       76            6
a       74       17            3
a       53       50            1
a       20       73            2
a       19       92            6
a       82       55            7
a       29       84            5
a       54       26            8
a       85       77            2
a       22        4            2
a       60       98            8
a       67       63            8
a       90       60            2
a       46       81            1
a       83       71            5
a       25       10            8
a       54       44           10
a       24       55            9
a       15       11            2
a       66       32            1
a       75        1            9
a       49       63            5
a       36       60            5
a       44       47            9
a       64      100            3
a       56       35            3
a       31       23            6
a       34       65            2
a       21       98            6
a       90       27            1
a       87       68            5
a       30       46            6
a       29       52            4
a       72       30            9
a       42       24            6
a       74       73            7
a       70       96            9
a       61       56            5
a       19       77            7
a        2       92            3
a       45      100            3
a       11       52            8
a        2       67            8
a        4       95            7
a       10       97            7
a       48       50           10
a       65       24            9
a       71       76            6
a       61       36            4
a       48      100            9
a       37       79            8
a       80       47            3
a       60       85            3
a       57       35            8
a       49       73            1
a       93       52            2
a       83       58            2
a       65       43            1
a       41        7            4
a       99       17            5
a       39       37            8
a       73        8            3
a       25       55            9
a       64       79            7
a       90       72           10
a       54       84           10
a       53       24            7
a       89       30            4
a       27       51            7
a       85       20            1
a       25       57            7
a       63       17            6
a       19       24           10
a       38       86           10
a       77       50            4
a       98       19           10
a       93       71            9
a       25       29            3
a       76       89            8
a       23       72            4
a       66      100            8
a       78        3            7
a       77       85            1
a       46       39            1
a       74       62            6
a       51        7            5
a       64       89            3
a       52       91            6
a       41       75            4
a       37       64            5
a       20       95            8
a       27       32            8
a        6       33            3
a       82       94            6
a       59       87            9
a       12       95           10
a       74        8           10
a       88       97            8
a       65       51            1
a       51       52           10
a        1        8            1
a       87        2            2
a       72       15            7
a       38       82            8
a       70       96            1
a       78       10           10
a       10       13            5
a       46       25            6
a       81       53            4
a       18       70            5
a       81       68            4
a       15       62            3
a       10       66            3
a       38       25            5
a       78       65            5
a        7       67            8
a       53       45            6
a       97       69            2
a       94       17            8
a       97       52            6
a       11       29            4
a       41       51            4
a       64        3            2
a       94       56            9
a       43      100           10
a       55       56            2
a       66       72            9
a       16       44            3
a       73       87            2
a       18       99            3
a       67       48            8
a       44       88            8
a       46       20            2
a       81       82            7
a       66       30            5
a       61       25            1
a       18       63            2
a       59       21            3
a       34       40            4
a       25       66            9
a       41       92            2
a       36       41           10
a       75       56            9
a       76       25            9
a        8       96            1
a       31      100            3
a       46        6            3
a       56       77            5
a       53       50            4
a       68       40            7
a       68       91            9
a       25       75            7
a       64       15            6
a        4        6            2
a        2       61            4
a       21       92            3
a       81       77            3
a       20       83           10
a       88       64            9
a        2        7            9
a        3       13            9
a        2       38           10
a       77       74            5
a       53       49            3
a       67       94            8
a       13       55            2
a       41       86            7
a       64       75            2
a       14        1            3
a       88       77            9
a       57       71            9
a       56       21            8
a        6       28            9
a       83        9            7
a       67       82            4
a       20       83            5
a       45       26            1
a       37       39            6
a       50       66            4
a       23       95            3
a       91       89            6
a       40       38            3
a       78       39            5
a       27       12            6
a       30       63            3
a       62       52            5
a       70       95            5
a       80        4            2
a       23       74           10
