c random network for shortest paths problem
c extended DIMACS format
c
t rd_100_400_10_l
c
c length -> min: 1 max: 10 k1: 0.00 k2: 0.00
c
p sp      100      400
c
n        100
c
a        1        2            2
a      100        1            6
a        2        3            7
a        3        4            8
a        4        5            3
a        5        6            2
a        6        7            8
a        7        8           10
a        8        9            4
a        9       10            9
a       10       11            7
a       11       12            2
a       12       13           10
a       13       14            2
a       14       15            2
a       15       16            6
a       16       17            4
a       17       18            7
a       18       19            4
a       19       20            7
a       20       21            9
a       21       22           10
a       22       23            9
a       23       24           10
a       24       25            6
a       25       26            4
a       26       27            8
a       27       28            4
a       28       29            6
a       29       30            3
a       30       31            1
a       31       32            3
a       32       33            7
a       33       34            8
a       34       35            6
a       35       36            2
a       36       37           10
a       37       38            7
a       38       39            6
a       39       40            8
a       40       41            5
a       41       42            4
a       42       43           10
a       43       44            1
a       44       45            7
a       45       46            4
a       46       47            8
a       47       48            7
a       48       49            8
a       49       50            9
a       50       51            1
a       51       52            4
a       52       53            1
a       53       54           10
a       54       55            1
a       55       56            2
a       56       57            9
a       57       58            9
a       58       59            4
a       59       60            7
a       60       61            2
a       61       62            9
a       62       63            8
a       63       64            3
a       64       65            3
a       65       66            2
a       66       67            9
a       67       68            6
a       68       69           10
a       69       70            9
a       70       71            1
a       71       72            9
a       72       73            5
a       73       74            5
a       74       75            3
a       75       76            1
a       76       77            4
a       77       78            2
a       78       79            3
a       79       80            5
a       80       81            8
a       81       82            2
a       82       83            8
a       83       84            6
a       84       85            6
a       85       86            7
a       86       87            9
a       87       88            2
a       88       89            3
a       89       90            5
a       90       91            3
a       91       92            1
a       92       93           10
a       93       94            5
a       94       95            1
a       95       96            7
a       96       97            6
a       97       98            1
a       98       99            9
a       99      100            4
a       15       97           10
a       23        5            8
a       40       51            4
a       28       69            2
a      100       12            2
a       33       16            5
a       47       61            2
a       77       82            4
a        6       79            4
a       37       11            2
a       58       23            2
a       21       79            9
a       56       83            2
a       69       48            5
a       64       32            8
a       38       42           10
a        7       50            7
a       11       73            6
a      100       53            2
a       65       31            4
a       83       24            7
a       89       96           10
a       51       19           10
a       55       66            2
a       30       76            4
a       36       85            8
a       56       61            3
a       38       81            6
a       73       69            4
a       67       50            1
a       61       62            5
a       20       25            2
a       35       86            9
a       46       67            9
a       88       53           10
a       12       54           10
a       75       30            1
a       81       20            7
a       87       78            6
a       10        8           10
a       12       17            4
a       48       14            1
a       24       17            7
a       45        2            3
a        1       65            4
a       61       19            8
a       77       93            6
a       99       16            1
a       14      100            5
a       95       13           10
a      100       79            6
a       19       35            3
a       92       88            1
a       89       92            6
a        6       10            8
a       24        8            3
a       40      100            2
a       15       93            1
a       58        6            9
a       31       84            3
a       15       36            6
a       56        5            6
a       96       43            3
a       99       93            7
a       69        4            5
a       84       36            9
a       93       53            7
a       27       25            7
a       27       81            8
a       59       73            6
a       86       91            9
a       79       80            9
a       40       61            3
a       59       36            8
a       45       68            3
a       97       47            4
a       85       97            3
a       55       45            2
a       53       64            6
a       72       71            6
a       86       70            1
a       46        5            7
a       45       41            1
a       12       77            5
a       96       70            1
a       60       36            5
a       83       58           10
a        6        7            6
a       19       22           10
a       35       32            4
a       13        8            9
a       10       42            5
a       31       64            9
a        3        9            8
a       88       86            5
a       43       60           10
a       60       85           10
a       70       91            9
a       99        2            8
a       40       99            3
a       84       38            3
a       27       12            1
a       82       52            8
a       40       85            7
a       23       46            5
a       80       94            8
a       81       54            1
a       48       97           10
a       72        5            3
a       40       54            6
a       96       75           10
a       66       10            5
a       47       99            6
a       53        8            9
a       12       43            8
a       16        3            4
a        1       48            9
a       17       44            9
a       49       71           10
a       64       81            4
a       81       83            7
a       64        5            2
a       10        1            5
a       53       70            5
a       71       86            8
a       51       70           10
a       73       77           10
a       68       61            9
a       13       75            9
a       49       73            7
a       10       63            3
a       33       55            7
a       31       85            5
a       55       35            4
a       78       23            7
a       64       74            3
a       57       23            4
a       36       72            5
a       53       66            1
a       82       96            9
a       92       26            3
a       15       35            4
a       73       69            5
a        4       97            8
a       84       40            1
a       18       45            4
a       36        5            6
a       20       25            7
a       79       14            8
a       88       97           10
a       39       71           10
a       74       11           10
a        2       41            9
a       80       74            1
a        3       33            4
a       51       43            6
a       44       45            8
a       56       59            5
a       49       13            4
a        3       92            9
a       96       33            4
a       78       86            6
a       96        9           10
a       98       37            2
a       21       69            3
a        3       83            4
a       83       46            4
a       57       46            1
a       52       71            7
a       13       68            5
a        7       93           10
a       53       13            4
a       12       85           10
a       39       78            2
a      100       44            3
a       61       66            5
a       57       97            6
a        1       58            2
a       58       94            3
a       17       94            6
a       71       32            2
a       37       13            5
a       88       74            3
a       41       83            3
a       61       76            8
a       64       72            1
a       62       94            1
a      100       40            3
a       99       49            9
a        8       42            8
a        6       74            9
a       11       80            4
a       29       19            3
a       95       64            9
a       30      100            5
a       47        1            7
a       55      100            5
a       41       77            9
a       20       83            4
a       10       44            8
a        9        4            1
a       24       11            1
a       92       71           10
a       37       73            6
a       26       17           10
a       83       23            1
a       36       95            7
a       92       61            5
a       28       43            9
a       22       74            2
a       47       92            4
a       12       20            4
a       38      100            5
a       70       75            4
a       70       74            2
a       76       68            5
a       26        8            7
a       63       11           10
a       61       14            4
a       44       55            4
a       17       57            3
a       15       48            8
a       79        2            9
a       42       60            4
a       48       93            9
a       31       44            8
a       25       33            8
a       52       66            4
a       11        3            2
a       36       72            1
a       36       96           10
a       70       36            7
a       80       45            4
a       74       70            5
a       51       24            1
a       81       89            7
a       45        4            8
a       42       29            2
a       56       61           10
a       42        2            5
a       44       22            7
a       19       30            7
a       26       23            9
a       11       38            7
a       41       71            6
a       63       44            1
a       73       97            6
a       86       23            4
a       28       26            5
a       22       15            3
a       14       61            6
a       36       80           10
a       82        9            7
a       36       21            5
a       69       62            5
a       66       27            4
a       86       62            4
a       82       40            3
a        6       45            5
a       83       65            9
a       23        7            6
a       35       33            7
a       45       72            1
a       36       52            2
a       65       66            1
a       96       48            3
a       23       95            6
a       79       95            6
a       55       89            6
a       56       64            5
a       53       66            9
a       28       49            1
a        6       72            3
a       64       83            5
a       66       20            1
a       72       59            8
a       24        6            2
a       47       92            7
a       69       11            9
a      100       36            2
a       73       34            7
a       54       96            8
a       19       57            3
a        5        4            5
a       89       80            2
a       93       36            2
a       24       59            7
a       32       98            7
a       51       94           10
a        5       17            5
a      100       52            9
a       31       64           10
a       39        2            1
a       51       39            6
a       73       56            3
a       72       37            3
a       75        3            3
a       82       62            9
a       62       89           10
a       90       36            6
