c random network for shortest paths problem
c extended DIMACS format
c
t rd_500_2000_10_l
c
c length -> min: 1 max: 10 k1: 0.00 k2: 0.00
c
p sp      500     2000
c
n        500
c
a        1        2            2
a      500        1            6
a        2        3            7
a        3        4            8
a        4        5            3
a        5        6            2
a        6        7            8
a        7        8           10
a        8        9            4
a        9       10            9
a       10       11            7
a       11       12            2
a       12       13           10
a       13       14            2
a       14       15            2
a       15       16            6
a       16       17            4
a       17       18            7
a       18       19            4
a       19       20            7
a       20       21            9
a       21       22           10
a       22       23            9
a       23       24           10
a       24       25            6
a       25       26            4
a       26       27            8
a       27       28            4
a       28       29            6
a       29       30            3
a       30       31            1
a       31       32            3
a       32       33            7
a       33       34            8
a       34       35            6
a       35       36            2
a       36       37           10
a       37       38            7
a       38       39            6
a       39       40            8
a       40       41            5
a       41       42            4
a       42       43           10
a       43       44            1
a       44       45            7
a       45       46            4
a       46       47            8
a       47       48            7
a       48       49            8
a       49       50            9
a       50       51            1
a       51       52            4
a       52       53            1
a       53       54           10
a       54       55            1
a       55       56            2
a       56       57            9
a       57       58            9
a       58       59            4
a       59       60            7
a       60       61            2
a       61       62            9
a       62       63            8
a       63       64            3
a       64       65            3
a       65       66            2
a       66       67            9
a       67       68            6
a       68       69           10
a       69       70            9
a       70       71            1
a       71       72            9
a       72       73            5
a       73       74            5
a       74       75            3
a       75       76            1
a       76       77            4
a       77       78            2
a       78       79            3
a       79       80            5
a       80       81            8
a       81       82            2
a       82       83            8
a       83       84            6
a       84       85            6
a       85       86            7
a       86       87            9
a       87       88            2
a       88       89            3
a       89       90            5
a       90       91            3
a       91       92            1
a       92       93           10
a       93       94            5
a       94       95            1
a       95       96            7
a       96       97            6
a       97       98            1
a       98       99            9
a       99      100            4
a      100      101            2
a      101      102           10
a      102      103           10
a      103      104            3
a      104      105            1
a      105      106            8
a      106      107            4
a      107      108            6
a      108      109            4
a      109      110            3
a      110      111            7
a      111      112            2
a      112      113           10
a      113      114            2
a      114      115            2
a      115      116            4
a      116      117            2
a      117      118            5
a      118      119            5
a      119      120            7
a      120      121            2
a      121      122            8
a      122      123            9
a      123      124            4
a      124      125            1
a      125      126            8
a      126      127            4
a      127      128            4
a      128      129            2
a      129      130            2
a      130      131            6
a      131      132            3
a      132      133            2
a      133      134            3
a      134      135            8
a      135      136            9
a      136      137            6
a      137      138            9
a      138      139            2
a      139      140            7
a      140      141            5
a      141      142            5
a      142      143            7
a      143      144            4
a      144      145            8
a      145      146            4
a      146      147            5
a      147      148           10
a      148      149            1
a      149      150            5
a      150      151            7
a      151      152            2
a      152      153            8
a      153      154            6
a      154      155           10
a      155      156            6
a      156      157            2
a      157      158            7
a      158      159            4
a      159      160            4
a      160      161            9
a      161      162            3
a      162      163            7
a      163      164            9
a      164      165           10
a      165      166           10
a      166      167            6
a      167      168            2
a      168      169           10
a      169      170            6
a      170      171            7
a      171      172            2
a      172      173            3
a      173      174            8
a      174      175            4
a      175      176            4
a      176      177            9
a      177      178            8
a      178      179            6
a      179      180            7
a      180      181            3
a      181      182            4
a      182      183            9
a      183      184            6
a      184      185            8
a      185      186            7
a      186      187            4
a      187      188            7
a      188      189            5
a      189      190            1
a      190      191            7
a      191      192            7
a      192      193            5
a      193      194            2
a      194      195            3
a      195      196            2
a      196      197            4
a      197      198            9
a      198      199            9
a      199      200            5
a      200      201            7
a      201      202            9
a      202      203            9
a      203      204            6
a      204      205           10
a      205      206            2
a      206      207            6
a      207      208           10
a      208      209            8
a      209      210            3
a      210      211            1
a      211      212            9
a      212      213            2
a      213      214            7
a      214      215            9
a      215      216            8
a      216      217            6
a      217      218            1
a      218      219            1
a      219      220           10
a      220      221            2
a      221      222            2
a      222      223            4
a      223      224            5
a      224      225            2
a      225      226            1
a      226      227            3
a      227      228            2
a      228      229            7
a      229      230            5
a      230      231            1
a      231      232            3
a      232      233            1
a      233      234            7
a      234      235            4
a      235      236            7
a      236      237            2
a      237      238            8
a      238      239            8
a      239      240           10
a      240      241            6
a      241      242           10
a      242      243            2
a      243      244            1
a      244      245            2
a      245      246           10
a      246      247            5
a      247      248           10
a      248      249            2
a      249      250           10
a      250      251           10
a      251      252            8
a      252      253            6
a      253      254            2
a      254      255            4
a      255      256            3
a      256      257           10
a      257      258            9
a      258      259            1
a      259      260            9
a      260      261           10
a      261      262            6
a      262      263            1
a      263      264            1
a      264      265            8
a      265      266            3
a      266      267            1
a      267      268            3
a      268      269            4
a      269      270           10
a      270      271            2
a      271      272            2
a      272      273           10
a      273      274            1
a      274      275            6
a      275      276            1
a      276      277            9
a      277      278            4
a      278      279            9
a      279      280            3
a      280      281            2
a      281      282            4
a      282      283            6
a      283      284            6
a      284      285            1
a      285      286            6
a      286      287           10
a      287      288            5
a      288      289            3
a      289      290           10
a      290      291           10
a      291      292            7
a      292      293            7
a      293      294            1
a      294      295            5
a      295      296            9
a      296      297            4
a      297      298            9
a      298      299           10
a      299      300            6
a      300      301            7
a      301      302            3
a      302      303            3
a      303      304            7
a      304      305            3
a      305      306            9
a      306      307            8
a      307      308            6
a      308      309            8
a      309      310            6
a      310      311            9
a      311      312           10
a      312      313            9
a      313      314            8
a      314      315            8
a      315      316            9
a      316      317            4
a      317      318            7
a      318      319            3
a      319      320            6
a      320      321            4
a      321      322            8
a      322      323            5
a      323      324            7
a      324      325            3
a      325      326           10
a      326      327            5
a      327      328            4
a      328      329            9
a      329      330           10
a      330      331            3
a      331      332            6
a      332      333            5
a      333      334            2
a      334      335            6
a      335      336            7
a      336      337            6
a      337      338            8
a      338      339            8
a      339      340            6
a      340      341            9
a      341      342            7
a      342      343            1
a      343      344            5
a      344      345            1
a      345      346            7
a      346      347            5
a      347      348            5
a      348      349            1
a      349      350            2
a      350      351            8
a      351      352            5
a      352      353           10
a      353      354            7
a      354      355            1
a      355      356            6
a      356      357            4
a      357      358            5
a      358      359            9
a      359      360            6
a      360      361           10
a      361      362            1
a      362      363            1
a      363      364            6
a      364      365            2
a      365      366            3
a      366      367           10
a      367      368            4
a      368      369            4
a      369      370            4
a      370      371            2
a      371      372            1
a      372      373            9
a      373      374            1
a      374      375            5
a      375      376            5
a      376      377            4
a      377      378            7
a      378      379            9
a      379      380            1
a      380      381            1
a      381      382            8
a      382      383            9
a      383      384            9
a      384      385            5
a      385      386            5
a      386      387            6
a      387      388           10
a      388      389            6
a      389      390            9
a      390      391           10
a      391      392            7
a      392      393           10
a      393      394            9
a      394      395           10
a      395      396            1
a      396      397            8
a      397      398            4
a      398      399           10
a      399      400            3
a      400      401            9
a      401      402            4
a      402      403            3
a      403      404            3
a      404      405            2
a      405      406            1
a      406      407            9
a      407      408            6
a      408      409            8
a      409      410            4
a      410      411            9
a      411      412            7
a      412      413            3
a      413      414            5
a      414      415            5
a      415      416            8
a      416      417           10
a      417      418            8
a      418      419            9
a      419      420            6
a      420      421            1
a      421      422            5
a      422      423           10
a      423      424           10
a      424      425            8
a      425      426            1
a      426      427            3
a      427      428            4
a      428      429            6
a      429      430            6
a      430      431           10
a      431      432            8
a      432      433           10
a      433      434            7
a      434      435            1
a      435      436            5
a      436      437            5
a      437      438           10
a      438      439            6
a      439      440            6
a      440      441            1
a      441      442            9
a      442      443            2
a      443      444            5
a      444      445            8
a      445      446            2
a      446      447            1
a      447      448            4
a      448      449            1
a      449      450            5
a      450      451            9
a      451      452            2
a      452      453            5
a      453      454            9
a      454      455            5
a      455      456            8
a      456      457           10
a      457      458            7
a      458      459            9
a      459      460            4
a      460      461            9
a      461      462            9
a      462      463            7
a      463      464            7
a      464      465            1
a      465      466            2
a      466      467            1
a      467      468            1
a      468      469            5
a      469      470            6
a      470      471            7
a      471      472            5
a      472      473            8
a      473      474            9
a      474      475            8
a      475      476            6
a      476      477            7
a      477      478           10
a      478      479            8
a      479      480            8
a      480      481           10
a      481      482            7
a      482      483            7
a      483      484            9
a      484      485            2
a      485      486            8
a      486      487            9
a      487      488            5
a      488      489            8
a      489      490            7
a      490      491            1
a      491      492            7
a      492      493            3
a      493      494            4
a      494      495            6
a      495      496            7
a      496      497            4
a      497      498            9
a      498      499            5
a      499      500            6
a      171      193            8
a      115      311            7
a      366      112            6
a      112      169            4
a      357      238            6
a      327       49            9
a      480      448           10
a      128      139            2
a      171      185            8
a      343      212            1
a      483      359            9
a      196       30            2
a      224      189            4
a       24      294            2
a      125      305            8
a       66      361            9
a      482      498            4
a      351      468            8
a       53      459            1
a      201      441            8
a      367        2            1
a      162      190            6
a      212      280            5
a      222      366            6
a      292      213            5
a       61      163            1
a      457      423           10
a      161      155            8
a      426      253           10
a       45      474           10
a      181       71            3
a      102      344            3
a       14      415            4
a      414      226            4
a      282      229            1
a      260      351            7
a       62      337            5
a       32      463           10
a      263       64            4
a       58      425           10
a      195      388            2
a      498      217            3
a      302      330            5
a      282      482            6
a        1      289            2
a      290      470            3
a       81      467            6
a      355      160            2
a      183       63            5
a      439      367            3
a      202      412            3
a      305      378            8
a      317      357            1
a      308      467            1
a      500      196            3
a      491      244            9
a       40      209            8
a       26      368            9
a       55      400            4
a      143       94            3
a      474      319            9
a      149      500            5
a      231        3            7
a      273      496            5
a      205      382            9
a       99      411            4
a       47      220            8
a       45       17            1
a      117       55            1
a      460      352           10
a      182      361            6
a      129       82           10
a      412      115            1
a      177      475            7
a      456      301            5
a      139      215            9
a      107      368            2
a      231      458            4
a       59       97            4
a      186      496            5
a      347      373            4
a      348      367            2
a      379      338            5
a      129       36            7
a      314       52           10
a      303       69            4
a      216      275            4
a       84      282            3
a       71      236            8
a      393        9            9
a      206      298            4
a      237      465            9
a      151      216            8
a      122      164            8
a      260      328            4
a       51       12            2
a      177      356            1
a      178      480           10
a      346      177            7
a      400      221            4
a      369      349            5
a      252      117            1
a      401      442            7
a      221       16            8
a      206      144            2
a      277      303           10
a      209        6            5
a      217      109            7
a       93      146            7
a      129      112            9
a       51      186            7
a      204      353            6
a      313      219            1
a      365      485            6
a      426      115            4
a      140      126            5
a      110       75            3
a       69      301            6
a      180      400           10
a      410       41            7
a      179      103            5
a      343      306            5
a      330      135            4
a      426      306            4
a      410      198            3
a       30      224            5
a      415      321            9
a      112       34            6
a      174      164            7
a      222      356            1
a      179      257            2
a      324      327            1
a      476      239            3
a      113      472            6
a      392      471            6
a      274      444            6
a      277      316            5
a      261      328            9
a      137      243            1
a       27      359            3
a      318      411            5
a      327       98            1
a      358      291            8
a      118       26            2
a      231      460            7
a      345       53            9
a      498      179            2
a      365      168            7
a      270      479            8
a       91      284            3
a       22       16            5
a      442      396            2
a      465      180            2
a      117      293            7
a      160      487            7
a      251      467           10
a       21       82            5
a      496      256            9
a      155      316           10
a      195       10            1
a      254      191            6
a      365      276            3
a      356      181            3
a      373       14            3
a      409      309            9
a      308      442           10
a      446      176            6
a      294      396            3
a      134       32            9
a      152      489            3
a      130      372            1
a      144      471            5
a      459       10           10
a      233      395            5
a       99       27            4
a      195      123            3
a       65       12            5
a      200      213            3
a       61       32            9
a      395      498            6
a      172      375            3
a      417      451            8
a      187      132            2
a      216       31           10
a      348      402            1
a       21      317            2
a      241      498            1
a      320      110            9
a       63      249            3
a      209      142            5
a      252      214            4
a      101      207            2
a      286      388            8
a      302      290            9
a        1      229            9
a      171      274            9
a      452      202            4
a      166      366            9
a      161      346            8
a      347      214            5
a       99      260            7
a       37       39            1
a      390      315            1
a      206      264            9
a        1      354            6
a      315      296            7
a      199       77           10
a      271       64            8
a       90      357            6
a      408      421            4
a      397      236            9
a      382      263            8
a        5      442            1
a      155       45            9
a      430      318           10
a      330      445            4
a       55      266            9
a      423       35            3
a      432      370            9
a      299      210            4
a      430      139           10
a      419       82           10
a      291      476            4
a      194      201            4
a      452      267            5
a      292      259            5
a       51      245            1
a      401      408            9
a      201      127            2
a       79      394            9
a      450      333            7
a       62       53            1
a      309       25            1
a       64       44            4
a      430       57            5
a      412      369            6
a      244      417            8
a      107      402            5
a      401      182            6
a      238       82            9
a      395       38            7
a       10      445            9
a       97      417            4
a       41      421           10
a      272      417           10
a      480      123            4
a      321      209            3
a      445      451            7
a      129      331           10
a      253      420           10
a      403      369            2
a      422       56           10
a      327      257            7
a      439       85            3
a      169      125            9
a      400      380            5
a      246      402            9
a      155      358            7
a      252      138            1
a      309       33            7
a       65      353            6
a      499      491           10
a       38       51            8
a      133      381            2
a      211      419            7
a      445      380            5
a       77      145           10
a       24      230            4
a      300      233           10
a      201      133            8
a      257      147           10
a       55      223            9
a      381      161            2
a      105      366            5
a       65      263            2
a      151      245           10
a      289      103            6
a      125       56            1
a      241      499            2
a      284      170            7
a      424      218            4
a        4      254            6
a      136      324            8
a      480      247            2
a      273      170            2
a      146      474            2
a       95      248            3
a      208      447            3
a      477      431            4
a      275       74            5
a      167      375            3
a      205       77            6
a      265      213            4
a      443      431            1
a      464      478           10
a      312      476            7
a       64       95            8
a      454      237            7
a      471      189            2
a      368      104            7
a       93      400            3
a      254      215            4
a      133      341            5
a      242      345            2
a      261      395            9
a      361       76           10
a       20       24            6
a       52      320            6
a      181      361           10
a      387       26           10
a      384      447            4
a      132       39            9
a      105      111            6
a      230      135            5
a      428      126            9
a      331      195            8
a       97        8            8
a      476      385            9
a       91      495            8
a      170      416            8
a      263       54            5
a       97      205            8
a      169      488            9
a      461      281           10
a      336      102            1
a      489      303            2
a       76      153            7
a      417      431            1
a      443      267            2
a      427      118            5
a       62      363            2
a      329       59            5
a      360       81            3
a      486      191            7
a      208      193           10
a      382      117            4
a       61      471            5
a        2      281            5
a      491       14            7
a      146       41           10
a      390      120           10
a      127       26            4
a      256      374            3
a      339      307            3
a      152      257            9
a       50      470            3
a      386      228            4
a      391      127            5
a      444      462            3
a      431      265            5
a      492       76            2
a      398      112            1
a       36       31            9
a      130      364            6
a      445       72            9
a       10      198            6
a      122      478            8
a      279        9            6
a       38      178            1
a      327      151            6
a      232      214            6
a      264      338            5
a      116      399            7
a      359      476            4
a      150      497            2
a      179      415            7
a      472      196           10
a      118       23            1
a      120      182            2
a      319      500            1
a      321      107            2
a      399      120            3
a      168      368            1
a      268      365            5
a      177      164            9
a      313       34            6
a      357      465            2
a      144      481            7
a      430      148           10
a      143       79            3
a      268      286            3
a       73      375            3
a      444      265            8
a       70      177            3
a       42      190            2
a      444      475            1
a      492      284            6
a      349      194            2
a      282      360            3
a       16      261            7
a      324      218           10
a      484      354            8
a      129      276            2
a      425       24            4
a      209       96           10
a      469       50            7
a      325      434            9
a      176       54            8
a      227      405            9
a      160      358           10
a       87      385            7
a      165       62            1
a      163      242            2
a      339       77            8
a       80      155            2
a      293      162            6
a      276      261            8
a       30       94           10
a      323      107           10
a      253      202            3
a      293      463            7
a      130      401            4
a      338      298           10
a       27      287            7
a      408      399            6
a      424       60            9
a      338      415            6
a      174      275            6
a      121      342            2
a       38      446            5
a      289      331            7
a      466       85            8
a      223      499            8
a      393       69            3
a      143      356            6
a      435      116            1
a      229      314            3
a      234      287            3
a       60      241            9
a      385       85            7
a       91      439            3
a      276      231            1
a      428      496            5
a      452      112            8
a      486      419            7
a       56      247            9
a        3       96           10
a      251      349            4
a      499      174            1
a       23      174            8
a      467      116            2
a      185      479            3
a       21      314            3
a      457      257            9
a      234      377            3
a      483      386            4
a      154      377            2
a      261       26            3
a      292      158            7
a       14      312            7
a      457       29            3
a      197      446            5
a      425       37            2
a      459      321            6
a      334      312            6
a      120      138            8
a       99      419            4
a      380      367            6
a      380      475           10
a      291        5            8
a      341      327            3
a      275      302            8
a      491      476            8
a      300       60            5
a      417      498            8
a      160      103            8
a       68      202            3
a      203      278            2
a      126      368            8
a      250      170            4
a      102      475            8
a      391      272            1
a       19      490            8
a      305      471            5
a      472      406            4
a      293      120            1
a      349      465            5
a      189      371            9
a      268      160           10
a      445      153            2
a       88      431           10
a      223      450            8
a      435      189            3
a       10      497            5
a      287      184            3
a      384      117            8
a       70        9           10
a      296      217            2
a      131      493            5
a      408      342            9
a      174       64            4
a      339      336            1
a      467      167            8
a      377      307            9
a      168      260            3
a      127       81            2
a      143      435            2
a      326      305            7
a        4      215           10
a      495      128            3
a      454      208            5
a      465      183            4
a      153      296            3
a      296      198            4
a       18      287            9
a       45      148            2
a      316        4            9
a      370      280            5
a      390       66            7
a      460      251            1
a      146      272            8
a      403      329            1
a      219      307            5
a      122      362            7
a      304      228            2
a      226      215            5
a      284       42            2
a      196      439            1
a      156        3            3
a      110      271            6
a      187      169            7
a      233      417            2
a      438      128            4
a      142      224            2
a       51      296            9
a      285       18            9
a      176       97            7
a      213      337            6
a        6      411           10
a       53      299            3
a      196      147            6
a      211       70            1
a      300      418            5
a      128      258            4
a       33      333            6
a      460       76            3
a      320      129            7
a      397      294            6
a       36      437            5
a      480      336            7
a      373      247            6
a      171      349            9
a      499      299           10
a      123      255            1
a      494      425            9
a       95       35            1
a      124      116            4
a      151       27            1
a      136      445            7
a      411       62            7
a      130      272            5
a      319       82           10
a       27       98            3
a      126      284           10
a      312      277            5
a       24      426            3
a       16      312            5
a      157      162            8
a      379      353            1
a       79      187            1
a      221       95            2
a        7      476            4
a      363      249            6
a      189      188            5
a      291      362            2
a       39       76            3
a      438      344            7
a      168      343            5
a       91      200            7
a      416        6            1
a      427       96            6
a      480      200            3
a      129      138            6
a      259      301            3
a      347      391            9
a      156      446            9
a       31      484            3
a       86      268            1
a      270      384            3
a      159      175            5
a      377      287            4
a      107       74            5
a      342      356           10
a      239      242            7
a      224      497            1
a      425      444            7
a      248      184            8
a      371        9            7
a      100      376            3
a      212      283            6
a      456      458            6
a      308      301            1
a      313      219            4
a      412       43           10
a       34      332            9
a      335      379            5
a      369      466            1
a       56      132            4
a      372      151            6
a      270      247            8
a      311      246            2
a      221      192            4
a       98      434           10
a      287       98            3
a      303      430            5
a      226       54            7
a       26      259            2
a      117      229            8
a      262      246            7
a      104      173            7
a      427      126            7
a      183      212            6
a      354       25            2
a      425      376            9
a      454      357           10
a      250      155            1
a      163      144            6
a       29      212           10
a        9       83           10
a      134      356            8
a      351      210            4
a      231      234            8
a      398      407            8
a       44      163            4
a      121       75            7
a       61       18            3
a       52      273            2
a      111      353            3
a      285      219            9
a      102      233            8
a      155      137            6
a      174      348            2
a      269       78            9
a      490       74           10
a      468      142            8
a       67      233            7
a      378      408            3
a      369       55            4
a      176       83            4
a      243      469            9
a       36      300            5
a      175       16            2
a        1      468            5
a        3      443            5
a      180        3            2
a      182      465            9
a      439       96            6
a       39      292            1
a      378       73            8
a      216      195            4
a      272      202            7
a      160      454            3
a      101      391            2
a      181      216            1
a      253      320           10
a       66      362            6
a       21      458            7
a      231      280            2
a       10      335            1
a      131       57            3
a      172      148            4
a      500      462            9
a      246       15            8
a       21      266            2
a       65      224           10
a      185      379            6
a      276      346            7
a      458       16            1
a      299      448            3
a      317       92            6
a      480      482            2
a      439      349            2
a      241       72            2
a       10      270            2
a      225      116            7
a      227      196           10
a      335       44            7
a       17      168            2
a      328       96            8
a      422      470            8
a      102      233            2
a      395      476            3
a      110       89            1
a      427      450            3
a      397      485            3
a      103      125            9
a      114      102            9
a      121        8            6
a      473      324            2
a      326       81            2
a       43      192            5
a       48      250            5
a      439      105            6
a      363      215            3
a      489      149            7
a      451      124            3
a      143      447           10
a      372      301            2
a      500      493            4
a      432       71            9
a       72      238            7
a      286      200            2
a       69       78            3
a       81      265            3
a      311       41            7
a      228      307            1
a       82      121            3
a      374       22            7
a      133      202           10
a      220      302            1
a      316      469            2
a      149      423           10
a      283      484            2
a        3      293            2
a       21      424            8
a      478      230            6
a        7       24            7
a      292      393            1
a      171      420            4
a      246      143            9
a      414      445            6
a      257      299            6
a      435      387            7
a      252      473            6
a      196      414            2
a       68      445           10
a      435       93            6
a      138      282            4
a      308      482            7
a      292      276            4
a      343      296            4
a      465       62           10
a      139      494            2
a      471      221            4
a      404        1            4
a      247       13            5
a      258      401            7
a      190      411            7
a      416      150            7
a      248      476           10
a      284      275            9
a      441      224            2
a      254       45           10
a      373       89           10
a      447      348            4
a      104      198            1
a      488      326            1
a      441      239           10
a      407      381            6
a      352      392            2
a      166      307            4
a      174      345            5
a      386      170            2
a      294      252            8
a      312      494            1
a      200       62            7
a      182       27            5
a      172       39            2
a      217       86            5
a      391      458            6
a      118        9            1
a      418      387            6
a       71      280           10
a      345      217            6
a        4      247            3
a      385       56           10
a       10      189            4
a      325      454            7
a      157      158            6
a       71      432            6
a      133      181            3
a      464      175            6
a       56      369            4
a      145      353            2
a       55      467            7
a       62      470            7
a      184      160           10
a       75      302            7
a       59      227            6
a      263      487            5
a      130      240            1
a      199       55            3
a      404      109            6
a      452      256            3
a      496      163            9
a       16      319            4
a      362      398            3
a      166      417            3
a      198      207            9
a       44      447            7
a       32      177           10
a      335      434            5
a      197       18           10
a       32      279            9
a       13      285            9
a      172      326           10
a      235      339            8
a      348      171            3
a      473      395            2
a       17       10            7
a      145      131            3
a      358      280            9
a      203        7            7
a      451      301            9
a      282      405            4
a      106      169            1
a      198      191            7
a      495      128            7
a      149       67            6
a      107      284            2
a      344      373           10
a      198       44            1
a      275      102            5
a       62      379            2
a      254      485            3
a      437       78            7
a      412      399            3
a      317      441           10
a      334      296           10
a      234      499            8
a      109       32            1
a      367      182            9
a      138      226            7
a      406       55            5
a      227      312            7
a      232      160            7
a       60      461            7
a      358      239            7
a      460      424            5
a      497       94            5
a      442      183           10
a      337      166            6
a      422      451            7
a      349      428            2
a      157      231            8
a      449       96           10
a      358      115            2
a      414      216            5
a      223      485            7
a      265      189            1
a       56       27            9
a      202      381            6
a       16      319            1
a      316       43            2
a        3      277            4
a      484      423            2
a      144      406            5
a      299       79            8
a      365      165            7
a      402      123            6
a       43      200            9
a      301      333           10
a      339      390            7
a      135      317            7
a      356      409            3
a      352      227            6
a      455        7            4
a      426      299            2
a      165      271            4
a      129      373           10
a      372      470            6
a      279      415            3
a      128      433           10
a      112      469            3
a      249       63            7
a      158      412            1
a       89      269            4
a       12      364            7
a      241       46            9
a      469       99            8
a      230      429            5
a      277      340            5
a      183      314            7
a      175      395            3
a      309      437            6
a      499      180            9
a       38      389            1
a      317      310            2
a       69      156            5
a       22       86            2
a      148       62            7
a      289      433            8
a      363      431            1
a       76        3            5
a      379      483            7
a      156      491            8
a       69      213            5
a      234      420            4
a      191       31            3
a      334       29            4
a      345      491            8
a       22      203            8
a      225      256           10
a      455      288            8
a      305      332            4
a      482       28            2
a      452      222            6
a      207      330            5
a      157      352            4
a        5      474            2
a      450       55            1
a      485      488           10
a      384      417            9
a      248      332            6
a      370       11            9
a      153      190            6
a       20      407            7
a      439      214           10
a      163      374            5
a      228      222            9
a       83      331            8
a      401      491            3
a      118        1            1
a      309      499           10
a      233      125            5
a       81      160            2
a      279      326            9
a       48      403            4
a      222      436            4
a      425      165           10
a      305      125            1
a      492      246            7
a      178      210            2
a      386      270            8
a      336      376           10
a       97      426            1
a      309      385            9
a      397       18            6
a      418      498            6
a      234      342           10
a       79       19           10
a      107      355            4
a       69      313            2
a      487      113            7
a      414      154           10
a      207      478            2
a       20       15            6
a       76      192            2
a       10      225            5
a      144      464            8
a      229      479            3
a      197      407            6
a      303      339            9
a       43      248            9
a      193      208            6
a      105       13            1
a      153      229            4
a      152       14            1
a      153      244            6
a      244      315            6
a      325      191            9
a      113       56            2
a      232      342            2
a      244      405            2
a      306      328            5
a      386      175            9
a       84      233            1
a       91      109            6
a       41      405           10
a      121      171            2
a       97      271            1
a      288      172            9
a      138      126            5
a      307        1           10
a      242      302            9
a      314      268            9
a      107      158            8
a      497      154           10
a       99       37            9
a      197      390            5
a      201      197            3
a      432      315            3
a      145      267            5
a       15      173           10
a      410      403            4
a      369      372            7
a      353      221            2
a      133      230            7
a      186        5           10
a      433      340            4
a      177      378            8
a      489       51            6
a      447      402            4
a      295      251            7
a      470       49            5
a      250       29            6
a      431       60            3
a      495       83            1
a      411       45            7
a      134      177            6
a      460       20            4
a      232      286            2
a      500      236            6
a      231      105           10
a      177      338            1
a      410      466            1
a      177      318           10
a      116      309            6
a      317      260            7
a      273      298            3
a      134       97            2
a       80      334            5
a       78      444            5
a      434      212           10
a      384      111            1
a      286      392            7
a      147       55            2
a      113      443            7
a      143      390            9
a      160      467           10
a      458       24            8
a      387      474            3
a       90      178           10
a      340      500            8
a      223      305           10
a      282      468            3
a       75      422            8
a      480      198            2
a      321      430           10
a        2      221            7
a      322      342            4
a      236       31            7
a       91      170           10
a      119      222            8
a      203      399            7
a      237      490            9
a      103      135            5
a       31      369            6
a      144      469            4
a      358      153            2
a      457      102           10
a        2      409            9
a      216       31            8
a      104      140           10
a      187      397            5
a       95      164            2
a      483      196            4
a      426      498            8
a      319      141            1
a      318      101            9
a      168      377            1
a      267      102            7
a      156      172            4
a      283      316            2
a      194      409            6
a      166      111            9
a      347      451            4
a      197      490            9
a      171      453            1
a      219       59           10
a      303      277            1
a        6      379            7
a      383      466           10
a      221      139            6
a       20      108            8
a      483      402            4
a      342       79            3
a      294      237            6
a      386      308            1
a       99      389            8
a      475      175            1
a      314      283            8
a        6      141            2
a      464       52            5
a      497      485            3
a      458      482            1
a      140      301            1
a      171      241            8
a       39       22            6
a      164      489            9
a      293      321            3
a      345       49            6
a       97      157           10
a      348       79            3
a       32      146            3
a      207      325            5
a      352      148            2
a      150      395            2
a       79      200            9
a      478      160            7
a      441      445            5
a       63      318            7
a      269      252            4
a      420      409            9
a      224       71            4
a      224       27            1
a      397      398            8
a      339      311            4
a      118      407            1
a      200      319            9
a       57      462            8
a      354      269            9
a       66      169            3
a       74      241           10
a        1      144           10
a      251      351            1
a      193      419            4
a      144      101            8
a      108      214            1
a      230       77            1
a      213      400            2
a       43      422            5
a      500       66            8
a      361       55            9
a      160       19            1
a      107      401            9
a      397      458            5
a       56       27            1
a      490      284            5
a      286      428            7
a      239      227            4
a      372      385            8
a      133       13            3
a      420      245            3
a      172      319            7
a      470      225            5
a       37      126            6
a      191      285           10
a      432      418            4
a       13      496            7
a      292      327            3
a       67      272            1
a      210       12            5
a      349      315            6
a      374      496            2
a       38      133            3
a       46      192            1
a      267      495            5
a       82      104            8
a      477      296            6
a      326        4            2
a      154      367            4
a      228      452            7
a      415      420            6
a      432      159            9
a      352      447            5
a      151       61            9
a       63      134            1
a      128      429            8
a       38        8            4
a       98       18            4
a      382      347            2
a      210       20            6
a      441      135            6
a       54       87            7
a       12      174            8
a       29      253            9
a      192      304            4
a       76      410            7
a      385       68            6
a      400      358            8
a      144       67            6
a      190       95            9
a      320      194            4
a        3      188           10
a      450      393            1
a      419       15            3
a      420      129            5
a      305      179            5
a      231      233            2
a        3      126            6
a       85      432            6
a       91      354            6
a      137      370            3
a      370      115            9
a      448      166            7
a      145      197            1
a      111      115            6
a      427      197            1
a       47      410            3
a      162      195            4
a      177      416            6
a      226      364            8
a       56      352            8
a      439      376            5
a       58      441            5
a       76      406            3
a      372      500            6
a      418      143            2
a      438      186            2
a      158       15            9
a      376       89            8
a      137      220            5
a      184      196            4
a      198      281            3
a      195      246            2
a      154       31            6
a      335      435            4
a      284      396            1
a      245      458            3
a        5      308           10
a      172      380           10
a      361      381            7
a      408      436            7
a      264      258            4
a      186      406            3
a      487      138            5
a      120      407           10
a      256       87           10
a      248       13            2
a      405      152            7
a      201      419            4
a      500      204            3
a      307      464            5
a      488      150            9
a      242      204            5
a      433      409            2
a      408      397            3
a      135       24            7
a      346      178            8
a      480      389            8
a      368      473           10
a      162      346            6
a       52      128           10
a       42      320            1
a      397      118            7
a      266      265            7
a      241      150            9
a      445      395            5
a      495      432            1
a      112      122            3
a      352      414            7
a      436      100            9
a      432      310            7
a      119       79            3
a      198      295            2
a      267       25            9
a      118      360            1
a      489       82            5
a      222      453            5
a      445       52            1
a      182      158            8
a       66      464            4
a      481      416            9
a      205      215            9
a       74      425            3
a       60       14            9
a      183      229            7
a      263       42            8
a      492      160            3
a      225      307            6
a       93      231            1
a      420      205           10
a      460      329            6
a       31      120            4
a      108       23            6
a       76      284            4
a      360      131            9
a      406      241            8
a      322      194            3
a      221      448           10
a      234      440            4
a      113      487            6
a      392      354            8
a      449      384            3
a      166      462            6
a      306      242            8
a       21       61            2
a       84      272            4
a       65      176            5
a      351      319            9
a      360      174            6
a      455      126            3
a      146      129            7
a      454      482            5
a      155      217           10
a      403      303            7
a      437      135            2
a      182      408           10
a      437      313            6
a       63       12            7
a      118      450            7
a      407      433            9
a       85      240            9
a        2      117            3
a      499      481            4
a      268      367            8
a       56      179            2
a      264       53            2
a      462       94            1
a      194      216            2
a      110      223            9
a      388      166            6
a      166       77            1
a       57      101            9
a      328      196            8
a      459      303            8
a      342      335            5
a       13      203            5
a      253      349            3
a      263      433            5
a      472      363            8
a      106       37           10
a      449        5            3
a       92      153            4
a      186       65            5
a      176      369            2
a      303      203            6
a      281      351            1
a      170      493            8
a      155       97            8
a      373      407           10
a       28      369            4
a      412       48            2
a      302      392            6
a      105      350            2
a       55      464            2
a       87      220            4
a      441      430            6
a      219       60            3
a      191      378            5
a      404      429            8
a      266        9            7
a       92      150            9
a      415      343           10
a      221       22            6
a      274      384            4
a      435      420            9
a      444      313            8
a      238      494           10
a      392      111            9
a       84      333            8
a      414      252            9
a       94      491            6
a      354      233            1
a      219      443            6
a      222      294            6
a      159      171            8
a      398      100            6
a      320      315            1
a       91       58            9
a      357      462            2
a      341      156            9
a      175       23            3
a      417      474            3
a      309      298            2
a       94      489            8
a      249      269            4
a      472      395            4
a      136      397            4
a      179      463            7
a      231      194           10
a        7      326            4
a      201      123            2
a      322      251           10
a       69      448            9
a      334       83            9
a      138       20            9
a      162       67           10
a      304       71            8
a      442      181            9
a      448       62            2
a      158      424            9
a       18      254            6
a      209      287            3
a        1      195            5
a      255      219            5
a      211       46            6
a      276       18           10
a      237      214            6
a      353      463            4
a      410       57            5
a      144      434            9
a      394       64            5
a      169      476           10
a      335      235            4
a       50        2            3
a       58      108            5
a       29      337            7
a      425      266            9
a      205      375            9
a      371      427            6
a      174      433            1
a       40      171            9
a      423      274            1
a      180      221            3
a      124      385            4
a      151      180            5
a      301       77           10
a      373      430            4
a      198       80            7
a      253      373            2
a      490      418            8
a      230      389            2
a      415        4            8
a      412      101            8
a      406      258            2
a      169      318            1
a      118      401            6
a      436      207            5
a      111      394            9
a       20      291            7
a       58        9            2
a      496      271            7
a      301      468           10
a      386      482            3
a      257      413            4
a      180      481            7
a      439        1            5
a      446      407            9
a      367      299            8
a      175      217            6
a      179      249            7
a      286      419            4
a      120      423            9
a      145      144            5
a      410      429           10
a      334      241           10
a      169      364            6
a      359      145            6
a      227      392            2
a      452      370            7
a      133      134            5
a      136      400           10
a      131      304            5
a      246      153            1
a      168      188            6
a      171      413            5
a      292      380            1
a      173      354           10
a      366      408            2
a      297      317            4
a      167      262            9
a      483       20            4
a      297      131            4
a      262      258            1
a      296       79            4
a       78      461            6
a       13      264            6
a       59      174            3
a       85      266            4
a      344      154            3
a      317       64            2
a      390      277            5
a      395      193            8
a       14      389            1
a      117      144            9
a      331       63            5
a      239      179            2
a      134      462            7
a      170      253            3
a      232      146            4
a      402      448            4
a      184      234            5
a       43      418            1
a      451      243            8
a      310       82            2
a      424      363            8
a       80      486            3
a      457      106            3
a      440       47            7
a       27       28            9
a      212      141            3
a      377      238            5
a       96      345           10
a       54      450            8
a      406      460            8
a       47      179            7
a      365      359            6
a      350       30            4
a       73       62            3
a      133      192            2
a       52      449            2
a      396      407            2
a      243      417            9
a      370      154            6
a      426      368            3
a      214      263            2
a      328      382            9
a        6      468            7
a       74       54            4
a      357      170            2
a      271       18            7
a      493      307            6
a      180      365            4
a       64      305           10
a      411      259            2
a      490        1            2
a       45      319            5
a      140      342            2
a      361      484            6
a      259      382           10
a      156      397            6
a      114      326            6
a      217       71            4
a      483      398            1
a      119      477            9
a      252      357            7
a      423      475            1
a      105      313            5
a      269      459            9
a      476      378            2
a       74      418            8
a      227      293            3
a      263      148           10
a      259      396            7
a        9      224            2
a      133      207            2
a      483      443            3
a       49      435            5
