c random network for shortest paths problem
c extended DIMACS format
c
t rd_100_2000_1_l
c
c length -> min: 1 max: 10 k1: 0.00 k2: 0.00
c
p sp      100     2000
c
n        100
c
a        1        2            6
a      100        1            4
a        2        3            1
a        3        4            1
a        4        5            5
a        5        6            6
a        6        7            5
a        7        8            4
a        8        9            4
a        9       10            1
a       10       11            2
a       11       12            1
a       12       13            6
a       13       14            7
a       14       15            5
a       15       16            2
a       16       17            1
a       17       18            3
a       18       19            3
a       19       20            1
a       20       21            4
a       21       22           10
a       22       23            5
a       23       24            4
a       24       25            1
a       25       26            4
a       26       27            2
a       27       28           10
a       28       29            8
a       29       30            9
a       30       31            3
a       31       32            6
a       32       33            9
a       33       34           10
a       34       35            2
a       35       36            8
a       36       37           10
a       37       38            1
a       38       39            4
a       39       40           10
a       40       41            1
a       41       42           10
a       42       43           10
a       43       44            1
a       44       45            1
a       45       46            6
a       46       47            8
a       47       48            7
a       48       49            2
a       49       50            7
a       50       51            1
a       51       52            1
a       52       53            7
a       53       54            7
a       54       55            5
a       55       56            1
a       56       57           10
a       57       58            1
a       58       59            4
a       59       60            1
a       60       61            7
a       61       62            3
a       62       63            7
a       63       64            9
a       64       65            1
a       65       66            2
a       66       67           10
a       67       68            1
a       68       69            3
a       69       70            6
a       70       71            6
a       71       72            1
a       72       73            1
a       73       74            5
a       74       75            9
a       75       76            3
a       76       77            1
a       77       78            5
a       78       79            2
a       79       80            3
a       80       81            7
a       81       82            3
a       82       83            8
a       83       84            2
a       84       85            7
a       85       86           10
a       86       87            1
a       87       88            3
a       88       89            5
a       89       90            7
a       90       91            1
a       91       92            4
a       92       93            6
a       93       94            4
a       94       95            6
a       95       96            3
a       96       97            1
a       97       98            5
a       98       99           10
a       99      100            2
a       58       11            3
a       36        1            2
a       49       51            1
a       70       86            8
a       67       24            8
a       82       91            7
a       50       74            5
a       87       60            3
a       31        4            9
a       57       69            3
a       47       13            1
a       31       55            2
a       54       57            8
a       28       84            8
a        4       20           10
a        5       44            9
a       39       41            4
a       53       96            3
a       84       24            1
a       71       26            8
a       70       63            6
a       56       67            4
a       58       44            2
a       19        2            6
a       53       26           10
a       77       76            1
a       63       59            3
a       21        6            9
a        8        4            2
a       73       90            9
a       63       50            5
a       37        3            2
a       54       65            5
a       30       87            1
a       51       44            6
a       51       56            6
a       26        1            1
a       58       30            9
a       98       29            6
a       90       89            5
a       13       38            1
a       24       12            5
a       69       86            3
a       90       47            9
a       52       71            6
a       91       87            2
a       11       29            2
a       69       68            2
a       67        6            4
a       24       88           10
a       31       85            3
a       82       81            2
a       88       57            5
a       22       62            6
a       79       98            2
a        1       48            8
a       45       68           10
a       44       12            6
a       34       10            8
a       99       47            8
a       60       18           10
a       90       84            4
a       27       81            2
a       89       29            5
a       45       73            9
a       93       88            7
a       95       18            5
a       92       41            1
a       21       53            2
a       97       84            6
a       88       65            5
a       87       43            3
a       63       70           10
a       71       31            3
a       41       25            8
a        6       26            8
a      100       92            7
a       28       24            6
a       19       73            5
a       42       40            9
a       64       23            2
a       12       19            2
a       49       23            5
a       31       50            8
a        8       23            1
a       16       72            9
a       62       11            9
a       68       29            6
a       14       66           10
a       82       93            5
a       35       55            8
a       16        5            2
a       85       76            1
a       68       31            3
a       66       61            2
a       85       67            2
a       54       11            8
a       22       10            5
a       90       31            8
a       23       47            3
a        5       59            5
a       35       12            1
a       40       31            5
a       99       97            2
a       28        6            4
a       44       42            9
a       73        1            7
a       33       55           10
a       23       37            5
a       29       63            7
a       75       44            2
a       35       39            3
a       56       40            2
a       79       32            8
a       50       76            6
a       12       49            2
a       84       66           10
a       94       44            8
a        8       89            1
a       21       26           10
a       65        8            9
a       68       91            9
a       78       95            2
a        8       50            5
a       66       76            9
a       30       56            4
a       31       11            6
a       18       99           10
a       64       10            5
a        9       52            4
a       52       48            8
a       18       96            8
a       88        6            6
a       60       16            8
a       59       63           10
a        9       36            2
a       70       15            1
a       53       72            1
a       86       46           10
a       89       10            4
a       59       81            7
a       49       82            4
a       41       94            9
a       22       53            1
a       83       68            8
a       50       82            6
a       57       40            6
a       81        7            1
a       80       53            6
a       78       34            2
a       31      100            5
a       24       33            4
a       16       44            7
a       42       89            5
a       93       94            7
a       72       62            8
a       94       75            1
a       63       94            1
a       91       15            3
a       44       21            7
a       71       59            7
a       10       28            9
a       13      100           10
a       16       24            9
a       92       41           10
a       23       10            4
a       65       61            2
a       62       61            2
a       62       31            2
a       69       64            3
a       12       55            3
a       51       80            3
a       57       65            9
a        5       76            7
a       89       39            2
a       41       86            8
a       96       78            7
a       12       40           10
a        7       78            6
a       58       66            3
a       75       15            7
a       49       13            9
a       55       75            9
a        5       54            7
a       96       87            5
a        8       86            4
a       18       78            1
a       67       38            9
a       78       95            5
a       12       94            6
a       23       20            5
a       79       43            2
a       81       14            9
a       44       63            3
a       15       78            3
a       17       78            5
a       51       78            5
a       38       20            5
a       92       87            5
a       68       83            4
a       90       45            9
a       25       68            6
a      100       86            8
a       60       64            9
a       81       91            9
a       76       47            7
a        4       55            7
a       88       52            2
a       59        5            4
a       14       86            7
a       50       11            9
a       24       80           10
a       60       45            2
a       53       64            1
a       19        9            3
a       53        8            8
a       48       12            5
a       30       91            5
a        7       35            4
a       16       84            1
a       36       18            9
a       91       17            5
a       20       34            5
a        5       85            8
a       17       89            8
a       93       94            1
a       14       37            4
a       84       19            1
a       13       90            2
a       82       86            1
a       82       67            6
a       97       27            8
a       54       17            5
a       20       53            7
a        6       59            3
a       21       77            8
a        5       23            7
a        5       15            8
a       84       85            3
a       27       78            1
a       50       47            8
a       69       15            6
a       48       25            7
a       24       16            9
a       38       97           10
a       96       83            7
a       75       56            9
a       21       25            8
a       26       59           10
a       36       24            3
a       24       18            9
a        4       20            5
a       98       90            2
a       71       36            1
a       86       30            7
a       63       81            3
a       10       63            4
a       98       72           10
a       79       94            1
a       43       19            9
a       36       12            9
a       93       60            9
a       94       86            1
a       82       28            1
a       63       35            2
a       95       70            1
a       55       29           10
a       44       29            2
a       88       18           10
a        8       17            4
a       30       88            9
a        6       67            6
a       64       81            6
a       32       61            8
a       69       56            7
a       51       53            3
a       90       14            5
a       77       30            9
a       35       88            3
a       49       58           10
a       26       52            2
a       22       87            5
a       40       69            8
a       79       61            1
a       20       69            9
a       38       35            4
a       40       52            6
a       78       41            1
a       78       67            7
a       58       72            9
a       28       54            9
a       63       67           10
a       45       79            8
a        5       29           10
a       96       70            2
a       38       37            5
a       67        4            3
a       85       77            8
a       21       78            3
a        4       40            2
a       76       70            2
a       68       54           10
a       56       70            4
a       87       90            9
a       78       61           10
a       56       78            2
a       54       16            2
a       79        4            5
a        3       92            5
a       67        6            3
a       27       70            4
a       35       88            5
a       78       73            3
a       31        3            7
a       77       31            5
a        3       80            3
a       79       56            5
a       21       90            1
a       63       80            7
a       34       63            4
a       77       69            3
a       14       38            9
a       94       51            5
a       83       69            5
a       24       85           10
a       31       74            1
a       54       67            2
a       65       27            8
a       21       33            3
a       37       15            7
a       65       82            1
a       64       19            4
a       50       92            6
a       30       79            9
a       90       42            9
a       24       38            8
a       32       12            2
a       51       74            6
a       19        5            1
a       11       51            8
a       64       80            9
a       74       87            8
a       83       98            5
a       77       53            4
a       31       78            1
a       12       82            7
a       21       88            6
a       89       19           10
a       15       91           10
a       88       21            6
a       25       99            2
a       87       52            1
a       94       32            7
a       44       32            6
a       56       63            9
a       38       60            5
a       60       55            3
a       50       18           10
a       61       46            4
a       35       65            9
a       66       94            4
a       69       36            6
a       99       33            2
a       19       46           10
a        1       18            3
a       46       24            9
a       10       80            9
a       54       98            3
a       50       65            9
a       58       98            5
a       32       38            1
a       84       25            8
a        9       79            8
a       67       88            9
a       14       76            1
a       35       99            2
a       51       32            2
a       11       14            1
a       30       94            4
a       66       77           10
a       59       86            2
a       51       43            8
a       65       20            5
a       54       13            6
a       52       84            6
a       88       25            9
a       93        3           10
a       76       31            4
a       73       98            1
a       37       97            1
a       39       92            6
a       18       79            3
a       13       42            6
a       56       23           10
a       90       13            9
a       37        9            8
a       50       65            7
a       55        9           10
a       13       59            5
a       68       61           10
a       40       50            6
a       94       92            1
a       51       15            9
a       13        5            9
a       53        4            2
a       81       31            7
a       46        6            2
a        4        6            2
a       85       81            7
a       81       80            6
a       73       12            4
a       62       71            7
a       32       28            1
a       56        6            4
a       15       30            2
a       67       50            2
a       84       82           10
a       37       11            3
a       80       28           10
a       38       44            3
a       89       21           10
a       51       13            3
a       93       75            1
a       61       80            2
a       62       83            3
a       10       66            1
a       33       78            2
a       41       33            6
a        2       69            1
a       77       61            9
a       89       27            5
a       31       36            9
a       69       43           10
a       17       94            1
a       81       75            2
a       17       53            7
a       95       31            6
a       53       36            9
a       23       45            1
a       91       74            4
a       82       53            9
a       31       90            7
a       76       99            6
a       15        1            9
a       58       70            8
a       17       92            3
a       66       59            8
a       97       71            4
a       47       90            8
a       22        9            6
a       25       11            1
a       82       99           10
a       17       24            5
a       92        5            7
a       15      100            1
a       77       85            5
a       75       14            1
a       45       41            5
a        2       15           10
a       21       66            1
a       55       40            7
a       99       59            3
a       35       97           10
a        8       57            8
a       86       25           10
a       78       27            7
a        5       71            2
a       87       59            1
a       80       44            3
a       23       96            8
a       34       12            6
a       37       79            3
a        9       59            8
a       14       34            4
a       62       64            5
a       41       52            6
a       48       73            9
a       24       11            7
a       98       28            5
a       65       92            9
a       21       44            9
a       99       73            5
a       89       13            1
a       54       70            5
a       35       46            9
a        3       97            8
a       77       91            8
a       67       49            4
a       48      100            5
a       18       67           10
a        1       38            2
a       52       71            2
a       50       94           10
a       17       41            1
a       14       98            5
a       75       22            4
a        4       89            2
a       38       76            2
a       67       72            6
a       25       79            9
a       14       38            3
a       41       67            3
a       30       36            8
a       98       59           10
a       93       20            8
a       95       64            9
a       16       26           10
a       74       68            8
a       75       11            8
a       81       33            1
a       54       70            4
a        4       91            6
a       51       96            5
a       35       20            1
a       99        6            9
a       13       93            7
a       79       38            8
a       44       78            3
a       11       85            7
a       42       94            5
a       40       20            9
a        1       29            2
a       97       72            9
a       22       75            1
a       92       62            1
a       43       12            2
a       50       69            3
a       22       90            8
a       97       43            8
a       71       91            2
a       72       54           10
a       48       31            4
a       69       20           10
a       71       69            7
a       26       61            8
a       41       13           10
a       24       71            1
a       51       93            3
a       84       17            8
a       57       58            5
a       74       70            5
a        6       94           10
a       40       33            9
a       59        9            6
a       41        7            8
a       12       29            2
a       43       76            4
a       32       68            9
a       52       65            7
a       82       95           10
a       14       30           10
a       24       99            2
a       74       63            1
a       78       69           10
a       17       56            2
a       31       69           10
a       48       86            7
a       99       36            7
a       28       63            3
a       50       85           10
a        2        6            7
a       65       80            3
a       91       10            5
a       84       95            6
a       77       12            7
a       88       81            5
a      100       43            1
a       46        6           10
a       56       58            3
a       73       97            2
a       78       82            1
a       45       93           10
a       44       48            4
a       27       89           10
a       23       74            3
a       88       51           10
a       61       53            4
a       22       42            2
a       71       20            1
a       95       57            3
a       18        4            3
a        1       63            9
a       44       90            5
a       49       10            2
a       32       35            8
a       44       97            3
a       52       41            7
a       92        4           10
a       47       21            2
a       20       42            9
a       98       44           10
a       74       89            1
a       19        8            3
a       18       20            6
a       44       75            8
a       13       94            4
a       45       98            9
a       47       98           10
a       49       81            1
a       62       69            1
a       42       75            7
a       15       93            7
a       78       64            1
a        7       67            5
a       56       75            9
a       78       83            4
a       65       37            7
a       81        1            5
a       22       50            8
a       64       21           10
a       48       78           10
a       82       24            1
a       43       45           10
a       55       97            3
a       38       81            7
a       34       28            7
a       49       14            1
a       81       19            6
a       90       34            3
a       94       69            9
a       34       62            6
a       19       98            8
a       91       60            2
a       52       56            2
a       93       64            5
a       41       77            6
a       73       15            7
a       91       93            7
a       47       52            8
a       97        1            7
a       77       23            7
a       93       44           10
a       61       33            5
a       27       93            8
a       14       29           10
a        4        1            2
a       44       35            9
a       57       63            9
a       65       64            3
a        5       76            2
a        8       77            7
a       78       93            9
a       31       54            3
a       35       94            9
a       28       70            1
a       52       29            7
a        2       39            4
a       39       73            4
a       91       94            6
a       90       48            8
a       15       81            2
a       62        5            1
a       64       61            3
a       58       21           10
a       82       26            9
a       80        2            2
a       54       62            5
a       99       60            3
a       63       39           10
a        7       78            4
a       11       13            3
a       14       94            7
a       40       16            8
a       68       18           10
a       39       14            7
a       93       46            6
a       63      100            2
a       70       96            7
a       86       43            9
a       17       68            5
a       17       89            9
a       63       20            4
a       63       71            7
a       43      100            7
a       89       81            6
a       23       45            5
a       65       47            3
a       79       14            6
a       82       37            6
a       56       37            4
a       52       32            2
a       74        3           10
a       50       96            2
a       44       34            3
a       47       14            7
a       22       85            6
a        5       45            6
a       37       79            6
a       28       15           10
a       97       76            5
a       79       58            6
a       12       72            2
a       58       90            5
a       37       97            9
a       73       16            1
a        6       29            6
a       35       46            8
a       81       88            1
a       85       26            9
a       39       80            6
a        8       88            4
a       79       66            4
a       62       44            1
a       37       92            3
a       29       95            7
a       82       19            4
a       43       15            6
a       66       68            5
a        3       58            7
a       23       84            5
a       59       48            9
a       95       87           10
a        4       70            2
a       17       64            5
a       44       39            9
a       97       50           10
a        1       99            3
a       64       62            9
a       31       42            1
a       97       92            8
a       81       50            1
a       96       88            8
a       85       18            8
a       90       19           10
a       15       21            2
a       67        1            2
a       43       63            2
a       28       42            7
a       35       80           10
a       93       42            5
a       18       29           10
a       98       63            5
a       80       61            4
a       71       36            9
a       33       51            1
a        3       74            1
a       83        6            2
a       74       12            6
a       46        3            2
a       54       40            3
a       53       47            5
a       41       10            4
a       30       71            8
a       84       19            9
a       14       65            8
a       76       33            4
a       66       84           10
a       12       93            5
a       74       12            4
a       66       12            2
a       22       92            2
a       42       53            9
a       71       28            8
a       31       43           10
a       64       24           10
a       38       25            7
a       74       57            9
a       15       57            1
a       80       14            7
a       70       85            7
a       87       81            5
a       42       93           10
a       62       38            9
a       46       18            2
a       33       67            7
a       34       22            4
a       26       42            6
a       50        8            5
a       65       70            4
a       13        5           10
a       13        5            8
a       89       99            5
a       85       72            8
a        1       25            8
a       55       16            5
a       66       94           10
a       12       91            9
a       22       77            9
a       47       18            7
a       96       68           10
a       80       65            2
a       27       60            9
a        5       85            8
a       66       37            9
a       20       24            4
a       50       45            9
a       63       89            4
a       64       63            5
a       88       63           10
a        7       80            9
a       75       35            4
a       80       47            8
a        4       26            7
a       55       88            8
a       79       97            7
a       95       80            4
a       61       22            6
a       20       29            2
a       97       63            2
a       79        1            9
a       77       70           10
a        3       84            5
a       22       91            3
a       86       47            7
a       35        2            8
a       84       25            2
a       59        8            9
a       94       33           10
a       90       30            8
a       38       25            6
a       80       42           10
a       66       42           10
a       95       80            2
a       56       92            5
a       69       23            8
a       77       81            9
a       11       25            2
a       14       65            3
a       92       43            9
a       90       63            5
a       74       13            1
a       80       46            3
a       83        6            1
a       17       83            5
a       58        7            2
a       72       36            4
a       93       64            2
a       70       48            2
a       22       55            1
a       96       24           10
a       67       71            7
a        2       21            2
a       84       97            6
a       60        2            1
a       13       48            3
a       73       48            6
a        1       19            9
a       85       67            2
a       25       81            4
a       34       19            1
a        5       77            8
a       18       67            8
a       22       68            4
a       54       44            9
a       56       92            8
a       74       58            7
a       65       19            3
a       94       85            4
a       90       30            8
a       98       34            3
a       21       27            8
a       48       21           10
a       10       96            8
a       85       96            8
a       20       19            9
a       55        7            4
a       87       24            5
a       44       11            4
a       91        6            5
a        7       82            7
a       33        8            8
a       40       38            6
a       18       37            9
a       46      100            2
a       11       58           10
a       17       71            8
a       89       71            1
a       90       28            1
a       43       18            6
a       10       74            5
a        4       85           10
a       67      100            3
a       73       43            4
a       72       58            2
a       90       22           10
a        2       67            5
a       64       48            9
a       16       68            3
a        8        1            6
a       50       11            7
a       65       51            6
a       87       46            1
a       85       93            2
a       86       94            6
a       38       13           10
a       84       31            3
a       67       79            8
a       80       96            3
a       90       94            5
a       35       47            4
a       25        6            8
a       55        6            1
a       78       34            8
a       42       63            6
a       96       44            1
a       50       29            9
a       50       70            1
a       13       66            9
a       16       71            6
a       88       75            3
a       82        6            5
a       77       29           10
a        5       81            5
a       82       84            1
a       75       49           10
a       19       13            6
a       66       41            6
a       66       64            5
a       82       11            8
a       29       96            1
a       72        7            9
a       89       83            4
a        6       12            5
a       79       59            9
a       81        7            8
a       62        3            7
a       60       77            5
a       52       16            8
a       65        3            2
a       88       93           10
a       27       43            9
a       22       41            4
a        4       56            6
a       77        6            8
a        1      100            1
a        7       54            2
a        7       87            2
a       63       67            5
a       52       64            1
a        4       26            8
a       20       69            2
a       34       41            3
a        3       42            2
a       76       61            1
a       42       11            9
a       43       62            6
a       27       47           10
a       12       83           10
a       75       56            2
a       52       93            4
a       51       92            8
a       80        8           10
a       89       83            7
a       90       18            5
a       50       24            9
a       91       17            7
a       48       88            5
a       30       10            5
a       14       52            8
a       78       19            2
a       22       28            9
a       98       36            3
a       12       98           10
a       54       15            1
a       64       98            5
a       28       17            1
a       86       95            5
a       29       24            3
a       75       64            5
a       30       22            4
a       84       89            6
a       50       88           10
a      100       97            1
a       40       32            6
a       41        8            8
a       25       60            3
a       54       88           10
a       11       64            2
a       24       54            4
a       94       78            9
a       95       27            2
a       80       12            6
a       94       20            2
a       56       85            2
a       85       57            8
a       89       84            2
a      100       32            3
a       48       65            1
a       40       24            2
a       64       15            7
a        9       59            1
a       79       94            8
a       85        8            8
a       64       65            6
a       59       52            1
a       86       65            5
a       97       50            9
a       99       67            9
a       66       96            7
a       15       73            3
a       70       87           10
a       42       66            9
a        7       54            1
a       81       88            2
a       81       89            5
a       84       46            7
a       71       10            5
a       14       84            2
a       34       31            9
a       73       24           10
a       33       14            7
a        6       88            5
a       40       97            9
a       27       63            2
a       27       54            7
a       74       99            6
a       89       38            7
a       46       76            7
a       63       52            1
a       46       60            9
a       90       91            8
a       26       69            8
a       74       10            6
a       86       21            3
a       24       78            7
a       98      100            3
a       26       11            9
a       69       83            4
a       95       88            5
a       94       12           10
a       86       90            2
a       19       56            8
a       12       61            2
a       61       95            4
a       77       85            1
a       29       19            6
a      100       90            1
a       33       50            3
a       16       86            8
a       60       31            4
a       67       44            3
a       66       13            3
a       67       89            9
a       42       54            6
a       17       30            8
a       64        1            6
a       93       71            7
a        1       65           10
a       55        5            3
a       93       42            9
a       61       94            4
a       91       97           10
a       54       56            9
a        3       56            2
a       63       56            4
a       83       92            3
a       47       48            4
a       73       41            3
a       13       98            4
a       94       21            9
a       99       71            6
a       85       37            4
a       89       84            8
a       82       27            7
a       31       73           10
a       41       20            2
a       80       54            6
a       18       65            3
a       54       23            1
a       43      100            1
a       95       86           10
a       47       90            5
a       70       86            5
a       35       74            8
a      100       47           10
a       43       71           10
a       16       44            5
a       34        1            9
a       58       83            8
a       90       72            5
a        4       66            9
a       50       67            5
a        5       21            9
a       74       86            8
a       13       39            6
a       16       94            6
a       58       34            3
a       26       61            8
a       15       79            6
a       37       61            2
a       95       52            8
a        8        5            4
a       81       24            1
a       72       97            4
a       73       43            2
a       63        8            7
a       31       38           10
a       58        6            2
a       58       81           10
a       46       65            8
a        3       15            3
a       92       95            8
a       18        4            9
a       37       48            8
a       85       23            5
a       84       63            7
a       41       84            8
a       58       93           10
a       89       71            4
a       92        1            5
a       49        9            8
a        5       72            3
a       21       41            6
a       48       95            7
a       67        4            9
a       98       60            1
a       75       96           10
a       61       79            1
a       94       63            9
a       45       55            5
a       38       49           10
a       20       11            3
a       63       66            3
a       60       74            9
a       52       66            2
a       39       95            5
a       62       32            8
a       26       78            8
a       56       99            8
a       41       15           10
a       39       22            3
a       27       72            1
a       80       67           10
a       40       61            5
a       56        4            6
a       68       21            4
a       57       27           10
a       89       59            1
a       84       52            4
a       75       51            6
a       25        3            1
a       80       58            9
a       50       24            8
a       50       55            7
a      100       31            4
a       35       85            4
a       41       82            7
a        2       47            1
a       64       93           10
a       99        4           10
a       55       33            3
a       54       22            6
a       80       49            5
a       64       78            5
a       39       18            5
a       73      100            3
a       91       65           10
a       78       83            2
a       74       88            5
a        1       39            7
a       63       30            2
a       17       35            7
a       69        4            8
a       48       50            7
a       72       20           10
a       61       34            9
a       36       15           10
a       46        9           10
a       93       55            8
a       86       37            4
a      100       92            7
a       78       43            8
a       50       68            6
a       36       59            9
a       38       65            7
a       14       71            4
a       56       60           10
a       54      100           10
a       52       93            7
a       96        3            8
a       60        9            3
a       29       25            7
a       71       38            2
a       62       19            6
a       16       76            2
a       15       92            1
a        8       11            9
a       38       34            1
a       82       99            8
a        5       57            3
a       85       40            2
a       90       64            8
a       65       11            7
a       94       59            1
a       23       36            6
a       78        9            3
a       19       58            7
a       18       95            3
a       31        7            3
a       92       54            4
a       22       82            5
a       19        7            1
a       90       93            3
a       11       13            1
a       23       22            4
a      100       89            3
a       48       74            2
a       71       28            6
a       90        1            8
a       37       22            8
a       51       30            4
a       86       24            2
a       69       60            8
a        8       58            2
a        1       93            6
a       94       41            4
a       53        4            8
a       93       54            3
a       69       72            8
a       89       60            6
a       88       21            7
a       24       85            1
a       73        6            4
a       99       21            1
a       28       35            4
a       39       34            7
a       32        9            9
a       75       63            9
a       36       54            9
a       94       74            9
a        2       66            5
a       53       84           10
a       69       82            6
a       13       61            5
a       23       48            2
a       51       42            9
a       27       54            2
a       26       47            6
a       70        5            7
a       61        2            1
a       16       54            3
a       57       21            7
a       34        2           10
a        9       57            4
a        4       79            1
a       36       98           10
a       43       55            3
a       24       12            7
a      100       18            9
a       85       66            1
a       28       39            5
a        9       65            7
a       70        1            4
a       43       95            5
a       60       19            5
a       44       83            5
a       90       81            9
a        5       40            2
a       55       76            3
a       12      100            1
a       63       19            1
a       13       29            4
a       72       90            5
a       86       30           10
a       98       23            7
a       90       59            5
a       13       27            1
a       62       23            8
a       80       14            9
a       56       18            4
a       30       23            1
a       82       75           10
a       28       77            1
a       99       32           10
a       66       93            6
a       19       99            3
a       59       57            5
a       69       59            7
a       26       54            8
a       90       67            8
a       80       68           10
a       42       46            1
a       12       29            5
a       48       18            1
a       69        8            4
a       27       86            8
a       73       55            1
a       41       38            1
a       87       74            1
a       69       62            7
a       53       31            3
a       24       40            5
a       25       66            7
a       27        4            8
a       38       56            1
a       31       79            9
a       34       48            4
a       70       83            9
a       60       83            8
a       61       57            2
a       14       62           10
a       99        7            7
a       53        7           10
a       42        4            4
a       92       99            1
a        4       85            3
a       49       24            4
a       59       73            5
a       49       68            3
a       65       36           10
a       83       71           10
a       54       40            3
a       64       87            8
a        8       86            4
a       53       61            1
a       21       50            7
a       21       92            4
a       34       29            8
a       26       25            3
a       94       80            3
a       56       88            4
a       25        8            5
a       16       72            2
a       49       82            6
a        7       47           10
a       50       91            8
a       35       85            1
a       43       71            3
a        9       79            9
a       77       81            8
a       41       55            8
a       76       11            7
a       31       63           10
a       99       41            4
a       84       82            2
a       10       69            5
a       81       83            1
a       98      100            1
a       80       33            4
a       56        2            8
a       71       52            9
a       54       82           10
a       94       92           10
a       33       28            9
a       82       55            8
a        5       38            6
a       87        2            6
a        9       58            7
a       12       19            3
a       82       42            2
a       98        9           10
a       55       44            4
a       53       18            2
a       26      100            1
a        8       35            5
a        3       97            8
a       62       30            2
a       93       55            1
a       65       72            3
a       32       57            3
a        3       59            6
a       76       30            5
a       25       32            1
a       96       64           10
a        2       26            1
a       40       91            1
a       68       43            4
a       97       90           10
a       91       61            5
a       88       72            1
a       57       23            8
a       26        9           10
a      100       83            9
a       76       43            2
a        5       33            3
a       77       48            3
a       56       98            6
a       83       74            3
a        1       20            4
a       48        3            2
a       63       29           10
a       50       57            6
a       72       78           10
a       52       62            3
a        3       71            6
a        1       51            4
a       29       16            4
a       26       10            8
a       50        9            1
a       60       15            8
a       77       66            7
a       77       82           10
a       34       95            1
a       75       86            5
a       31       37            1
a       66        7            7
a       28       98            1
a       57       69            5
a       18       15            1
a       38       28            5
a       30       44            9
a       60       95            6
a       14       47            4
a       14       52            4
a       78       62            5
a       94       23            3
a       96       97            7
a       70       80            1
a       87       33            5
a        7       29            3
a       45       97            4
a       88        8            4
a       55       77            4
a       28       66            9
a       92       14            6
a       22       26            9
a       98       64            4
a       93       36            8
a       46       24            7
a       69       12            8
a       94       91            1
a       72       55            5
a       82       29           10
a       69       56            6
a       81       10            9
a       94       64            6
a       41        9            3
a       41       95            6
a       72       39            4
a       97       48            6
a       10       39            3
a       75        8            3
a       68       56            1
a       12       26            7
a       48       72            1
a       80       50            6
a        9        2            3
a       83       85            1
a        8        2            8
a       11       64            2
a       36       87            9
a       54      100            3
a       31       26            3
a       90       58            6
a       31       29            5
a       19       24            2
a       66       13            6
a       16       94            4
a       88       29            8
a       57       93            5
a       87       83           10
a       99       53            8
a       78       96            1
a       59       21            3
a       53       34            5
a       12       51            7
a       87       37            8
a       65       43            7
a       96       98            3
a       89       44            7
a       59       22            4
a       19       64            3
a       84       65            7
a       67       18            2
a       39       34            9
a       55       84           10
a       18       74            1
a       93       87            5
a       58       29            7
a       30       57            8
a       46       77            6
a       11        3            6
a       26       99            2
a       12       47            3
a       33       15            1
a       29        2            3
a      100       64            8
a       40       49            4
a       65       83            6
a       98       82           10
a       89        8            7
a       60       22            2
a       41       26            4
a       92       47            1
a       51       56            7
a       66       21            2
a       25       66            3
a       23       99            6
a       58       22            5
a       35       64            8
a        5       65           10
a       91       35           10
a       77       32            7
a       95       18            8
a       40       58            8
a       83        6            1
a       39       27            3
a       13       51            9
a       45       44            3
a       39        7            7
a       55       82            5
a       35       28            6
a       77       66            9
a       91       61            3
a       44       22            2
a       83       93            3
a       89       81            8
a       92       50            2
a       30       74            3
a       18       21            8
a       20       43            8
a       43       73            1
a       77       57            6
a       82       88            3
a       62        1            6
a       39       70            2
a       20       15            3
a       48       27            7
a       96       24            8
a       31       99            2
a       60       24           10
a       62       31            1
a       34       88            1
a       39        9            6
a       76       67            8
a       10       69            4
a       43       95            5
a        4       85            8
a       25       98            3
a       21       72            1
a       14       87            4
a       12       18            2
a       91       12            3
a       12       51            8
a       29       22            2
a       87       67            6
a       40       21            5
a       82       22            6
a       99       56            9
a       77       76            9
a       53       63            7
a       93       83            7
a       27       28            9
a       40       10            2
a       92       43            8
a       15       50            7
a       66      100            5
a       61       45            6
a       31       62            8
a       70       85            3
a       20       25            8
a        9        8            3
a       15       28            2
a        9       66            2
a       52       84            4
a       71       90            8
a       38       62            6
a       43       39            2
a       64       34            3
a       31       44            2
a       21       36            3
a       52       38            8
a       17       33            3
a       90       16            2
a       81       27            9
a       40       68           10
a       13       26            5
a       11       84            3
a       73       18            4
a       82       37            3
a       84       26           10
a       15       37            7
a       46       35            2
a       40       50            5
a       83       31            9
a       98       90            4
a       48       98            7
a       91       83            3
a       93       57            2
a       22       63            1
a       73       26            3
a       48       38            5
a       77       49            2
a       50       28            5
a       76       79            8
a       28        8            5
a       58       13            1
a       86       31            4
a       67       93            6
a       25       48            6
a       68       63            6
a       79       21            1
a       81       59           10
a       61       72            3
a       64       11           10
a       55       75            6
a       66       31            9
a       71       97            4
a       20       95            3
a       46       49            7
a       69        3            9
a       83       24           10
a       22       80            8
a       65       58            2
a       54       32            7
a       59       95            9
a       64       14            1
a        6        2            8
a       65       45            7
a       19       91            7
a       93       86            2
a       46       51            3
a       30      100            2
a       84       27            4
a       94       13            1
a       78       76            1
a       58       45            8
a       79       68            2
a       49       81            9
a       36        9            9
a       95       17            7
a       22        4            2
a       18       14            3
a       40       28            8
a       71      100            4
a       12       48            7
a       10       51            1
a       29       77            6
a       79       81            9
a       28       51            4
a       43       11            9
a       14       13            1
a       43       72           10
a       70       84            4
a       78       51            9
a       63       34            3
a       13        3            8
a       68       45            5
a        3       13            7
a       39       33           10
a       81       90            6
a       67       57            9
a       31       96            7
a       83       60            8
a       50       99            1
a       96       28            3
a       66       48            3
a       75       35            2
a       34       25            2
a       43       15            6
a        7       97            7
a       72       90            6
a       60       81            8
a       40       80            5
a       47       31            5
a       46       95            3
a        8       22            6
a       75       73            8
a       34       48            1
a       24       27            5
a       79       17            9
a       43       36            6
a       58       74            2
a       50       55            2
a       39       72            6
a       45       55            2
a       15       71            1
a       75       96            3
a      100       29            7
a       53       58            1
a       25       50            7
a        3        2            7
a       14       39            4
a       51       91            6
a       58       96            7
a       76       53            4
a       21       42            9
a       61       57            4
a       36       13            2
a       46        1            2
a       41       39            5
a       74       63            2
a       63       12            7
a       19       43            2
a       40       93            3
a       90       58            9
a       59       52            6
a       95       79            5
a       68       63           10
a       89       98            7
a       52       43            8
a       18        9            7
a       98       75            4
a       34       27            2
a       91       16            7
a       41       56            1
a       54       58            7
a       30       16            4
a       50       97            1
a       30       47           10
a       77       43            1
a       45       36            4
a       71       69            8
a        4       33            1
a       91       49            4
a        6       22            1
a       23       53            7
a       38       15            4
a       45       62            1
a       79       86            3
a       35       11            6
a       32       18            6
a       72       19            7
a       62       55            5
a       58       94            2
a       69       94            6
a       50       14            6
a       76       78           10
a       28       35            4
a       55       11            9
a       11       34            7
a       96       82            1
a       92        5            9
a       80       89            2
a       67       43            6
a        6       29            3
a       55       48            4
a       86       41            2
a       16       19            8
a       21       40            3
a        4        5            3
a       77       94            5
a       90       62            1
a       54       48            6
a       95       33           10
a       69       42            5
a        6       86            7
a       79       39            7
a       38       42            9
a       96       95            9
a       83        2            8
a       61       53            8
a       57       58            7
a       87       91            7
a       86       11            1
a        7       97           10
a       92       24           10
a       27       29            6
a       69       14            7
a       13       40            4
a       87       48            5
a        9       89            8
a       61       57            5
a       50       45           10
a       49       18           10
a       94       95            6
a       80       19            5
a       79        9            5
a       24       94            1
a       92       94            2
a       12       56            2
a       24       67           10
a       60       81           10
a       76        6            5
a       49       14            4
a        1       27            9
a       13       17            2
a       35        4            6
a       13       30            9
a       30       95            9
a       75       54            9
a       89      100            5
a       60       18            8
a       32       54            9
a       59       85            5
a       76       87            2
a        3       72            7
a       23       58            6
a       31       96            5
a       11      100            1
a       36       78            1
a       28        9            8
a       34       75           10
a       49       70            9
a        4       70            9
a       17       73            4
a       77       80            1
a       55       18            4
a       92       18            6
a       82       96            2
a       38       87           10
a       83       66            7
a       95       84            7
a       59       94            8
a       63       25            8
a        1       14            1
a       25       40            6
a       19       68            5
a        5        9            9
a       51       59           10
a       29       73            2
a       34        6            2
a       72       91            2
a       70        5            8
a       62       80            3
a       29       50            9
a       60       32            7
a       77       37            8
a        5       73            2
a       35       68            2
a        1       14            7
a       49       20            4
a       55        4            3
a       60       11            2
a       29        9            6
a       83       76           10
a       87       20            9
a       78       11            3
a       93       97            9
a       71       13            1
a       23       63           10
a       59       82            1
a       96       76           10
a       92       68            3
a       77       29            8
a       58       85            1
a       23       48           10
a       39       14            5
a       53       93            6
a       54       28           10
a       10       12            1
a       82       10            5
a       32       21            6
a       74       49            4
a       28       69            8
a        2       43            4
a       41       68            2
a      100       65            8
a       41       53            4
a       82       34            3
a       37       97            9
a       83       21            6
a       93       97            3
a       85       64            5
a       90        1            9
a       63       34            6
a       95       58            7
a       29       88           10
a       22       69            2
a       22       70            2
a       78       92            7
a       63       94            5
a       52       93            5
a       65       22            1
a       62       21            7
a       68       73            1
a       36       31            6
a       66       64            5
a        9       74            8
a       87       62           10
a       28       39            2
a       66       27            8
a       32       37            4
a        1       21            1
a       66       89            5
a       48       65            3
a        4       15            4
a       62       12            1
a        8       77            3
a        8       83           10
a       48       15            5
a       92       32            6
a        6       39            8
a       16       73            1
a       57       76            5
a       73       70            9
a       70       90            5
a        2       30            1
a       16       41            3
a       18       54            7
a       80       90            2
a       54       19            4
a       75       98            5
a       63       42            5
a       25       57            4
a       68       32           10
a       61       95            1
a       68       18            1
a        9       40            8
a       41       19            7
a       56       40            6
a       56       76            9
a       10       56            6
a       25       48            8
a       38       11            2
a       96       19            8
a       34        9            1
a       67       57           10
a       24       68            1
a       39       73           10
a       37       13            7
a       26       54            1
a       86       97            4
a       25       49           10
a       84        8            2
a       99       42           10
a       10       93            4
a       81       39           10
a       85        7            2
a       53       13           10
