c random network for shortest paths problem
c extended DIMACS format
c
t rd_500_2000_100_l
c
c length -> min: 1 max: 10 k1: 0.00 k2: 0.00
c
p sp      500     2000
c
n        500
c
a        1        2            3
a      500        1            7
a        2        3            8
a        3        4            7
a        4        5            3
a        5        6            7
a        6        7           10
a        7        8            2
a        8        9            9
a        9       10            8
a       10       11            5
a       11       12            2
a       12       13           10
a       13       14            1
a       14       15            8
a       15       16            9
a       16       17            3
a       17       18            2
a       18       19           10
a       19       20            4
a       20       21            6
a       21       22            4
a       22       23            9
a       23       24           10
a       24       25           10
a       25       26            8
a       26       27            4
a       27       28            2
a       28       29            8
a       29       30            3
a       30       31            7
a       31       32           10
a       32       33            6
a       33       34            6
a       34       35            7
a       35       36            1
a       36       37           10
a       37       38            2
a       38       39            5
a       39       40            8
a       40       41            9
a       41       42           10
a       42       43           10
a       43       44            6
a       44       45            4
a       45       46            1
a       46       47           10
a       47       48            1
a       48       49            9
a       49       50            8
a       50       51            9
a       51       52            4
a       52       53            5
a       53       54            1
a       54       55            2
a       55       56           10
a       56       57            5
a       57       58            1
a       58       59            7
a       59       60            3
a       60       61            7
a       61       62            6
a       62       63            5
a       63       64            9
a       64       65            9
a       65       66            2
a       66       67            9
a       67       68            1
a       68       69           10
a       69       70            6
a       70       71            8
a       71       72            9
a       72       73           10
a       73       74            1
a       74       75            6
a       75       76            1
a       76       77           10
a       77       78            9
a       78       79            7
a       79       80            8
a       80       81            9
a       81       82            1
a       82       83            6
a       83       84            7
a       84       85            4
a       85       86            4
a       86       87            2
a       87       88            1
a       88       89            5
a       89       90            7
a       90       91            7
a       91       92            5
a       92       93            7
a       93       94            3
a       94       95            1
a       95       96            4
a       96       97            6
a       97       98            2
a       98       99            2
a       99      100           10
a      100      101            7
a      101      102            6
a      102      103           10
a      103      104            5
a      104      105            6
a      105      106           10
a      106      107            4
a      107      108            6
a      108      109            7
a      109      110            1
a      110      111            6
a      111      112            1
a      112      113            9
a      113      114            3
a      114      115            4
a      115      116            6
a      116      117            8
a      117      118            6
a      118      119            2
a      119      120            7
a      120      121            5
a      121      122            5
a      122      123           10
a      123      124            8
a      124      125            7
a      125      126            7
a      126      127            4
a      127      128            1
a      128      129            2
a      129      130            5
a      130      131            4
a      131      132            5
a      132      133            5
a      133      134            3
a      134      135            7
a      135      136            9
a      136      137            2
a      137      138            1
a      138      139            3
a      139      140            6
a      140      141            3
a      141      142            5
a      142      143            1
a      143      144            5
a      144      145            3
a      145      146            1
a      146      147            6
a      147      148            2
a      148      149            8
a      149      150            5
a      150      151            5
a      151      152            3
a      152      153           10
a      153      154            3
a      154      155           10
a      155      156            8
a      156      157            4
a      157      158            2
a      158      159            4
a      159      160            5
a      160      161            2
a      161      162            6
a      162      163            1
a      163      164            7
a      164      165            5
a      165      166            9
a      166      167            6
a      167      168            1
a      168      169           10
a      169      170           10
a      170      171            2
a      171      172            6
a      172      173            3
a      173      174            3
a      174      175            5
a      175      176           10
a      176      177            4
a      177      178            7
a      178      179            1
a      179      180            8
a      180      181            6
a      181      182            2
a      182      183           10
a      183      184            8
a      184      185            1
a      185      186            6
a      186      187            9
a      187      188            4
a      188      189            5
a      189      190            8
a      190      191            7
a      191      192            8
a      192      193            6
a      193      194            2
a      194      195            7
a      195      196            2
a      196      197            9
a      197      198            4
a      198      199            9
a      199      200            1
a      200      201            3
a      201      202            9
a      202      203            7
a      203      204            8
a      204      205            5
a      205      206            3
a      206      207            9
a      207      208            6
a      208      209            2
a      209      210            3
a      210      211            9
a      211      212            9
a      212      213            2
a      213      214            1
a      214      215            6
a      215      216            6
a      216      217            9
a      217      218            1
a      218      219            9
a      219      220            8
a      220      221            3
a      221      222            9
a      222      223           10
a      223      224            3
a      224      225            6
a      225      226            4
a      226      227            6
a      227      228            8
a      228      229            5
a      229      230            9
a      230      231            3
a      231      232            4
a      232      233            2
a      233      234            2
a      234      235            4
a      235      236            7
a      236      237            1
a      237      238            4
a      238      239            5
a      239      240            2
a      240      241            8
a      241      242            9
a      242      243            8
a      243      244            8
a      244      245            5
a      245      246           10
a      246      247            1
a      247      248            5
a      248      249            4
a      249      250            1
a      250      251           10
a      251      252            7
a      252      253            3
a      253      254            1
a      254      255            9
a      255      256            9
a      256      257            1
a      257      258            7
a      258      259            1
a      259      260            8
a      260      261            1
a      261      262           10
a      262      263            7
a      263      264            1
a      264      265            4
a      265      266            7
a      266      267            8
a      267      268            9
a      268      269            4
a      269      270           10
a      270      271            2
a      271      272            6
a      272      273            2
a      273      274            6
a      274      275            4
a      275      276            7
a      276      277            3
a      277      278            4
a      278      279            2
a      279      280            5
a      280      281            6
a      281      282           10
a      282      283           10
a      283      284            2
a      284      285            6
a      285      286            6
a      286      287            6
a      287      288            8
a      288      289           10
a      289      290            9
a      290      291            2
a      291      292            7
a      292      293            6
a      293      294            4
a      294      295            4
a      295      296            3
a      296      297            9
a      297      298            7
a      298      299            3
a      299      300            9
a      300      301            7
a      301      302            9
a      302      303            7
a      303      304            3
a      304      305           10
a      305      306           10
a      306      307            3
a      307      308            5
a      308      309            1
a      309      310            6
a      310      311            4
a      311      312            1
a      312      313            1
a      313      314            7
a      314      315            8
a      315      316            5
a      316      317            3
a      317      318            7
a      318      319            4
a      319      320            5
a      320      321            9
a      321      322            4
a      322      323           10
a      323      324            5
a      324      325            4
a      325      326            7
a      326      327            2
a      327      328            7
a      328      329            3
a      329      330            7
a      330      331            9
a      331      332           10
a      332      333           10
a      333      334            2
a      334      335            8
a      335      336           10
a      336      337           10
a      337      338            9
a      338      339            8
a      339      340            4
a      340      341            4
a      341      342            7
a      342      343            1
a      343      344            1
a      344      345            6
a      345      346            5
a      346      347           10
a      347      348            5
a      348      349            5
a      349      350            3
a      350      351            4
a      351      352            9
a      352      353            5
a      353      354            7
a      354      355            2
a      355      356            6
a      356      357            9
a      357      358            3
a      358      359            1
a      359      360            4
a      360      361            2
a      361      362            7
a      362      363            7
a      363      364            4
a      364      365            1
a      365      366            4
a      366      367            1
a      367      368            8
a      368      369            6
a      369      370            8
a      370      371            4
a      371      372            9
a      372      373            8
a      373      374            1
a      374      375            6
a      375      376            8
a      376      377            5
a      377      378            1
a      378      379            1
a      379      380            3
a      380      381           10
a      381      382            5
a      382      383            7
a      383      384            5
a      384      385            2
a      385      386            8
a      386      387            6
a      387      388            7
a      388      389            6
a      389      390            3
a      390      391            7
a      391      392            7
a      392      393           10
a      393      394            1
a      394      395            8
a      395      396            3
a      396      397            8
a      397      398            4
a      398      399            9
a      399      400            3
a      400      401            2
a      401      402            2
a      402      403            1
a      403      404            9
a      404      405            3
a      405      406            4
a      406      407           10
a      407      408            7
a      408      409            2
a      409      410            4
a      410      411            4
a      411      412            4
a      412      413            5
a      413      414            1
a      414      415            1
a      415      416            8
a      416      417            4
a      417      418           10
a      418      419            9
a      419      420            9
a      420      421            5
a      421      422            3
a      422      423            7
a      423      424            5
a      424      425            9
a      425      426            5
a      426      427           10
a      427      428            4
a      428      429            9
a      429      430            4
a      430      431            5
a      431      432            3
a      432      433            2
a      433      434            2
a      434      435            1
a      435      436            8
a      436      437            2
a      437      438            9
a      438      439            4
a      439      440            8
a      440      441            9
a      441      442            9
a      442      443            3
a      443      444            7
a      444      445            6
a      445      446            8
a      446      447            3
a      447      448           10
a      448      449            2
a      449      450            2
a      450      451            5
a      451      452            8
a      452      453            8
a      453      454            8
a      454      455            4
a      455      456            9
a      456      457            2
a      457      458            1
a      458      459            9
a      459      460            7
a      460      461            9
a      461      462            2
a      462      463            3
a      463      464           10
a      464      465            6
a      465      466            4
a      466      467            1
a      467      468            1
a      468      469            4
a      469      470            9
a      470      471            7
a      471      472            6
a      472      473            8
a      473      474            4
a      474      475            8
a      475      476            6
a      476      477            7
a      477      478           10
a      478      479            1
a      479      480            4
a      480      481            7
a      481      482            5
a      482      483            7
a      483      484            2
a      484      485            4
a      485      486            2
a      486      487            3
a      487      488            4
a      488      489           10
a      489      490            2
a      490      491            1
a      491      492            9
a      492      493            1
a      493      494            6
a      494      495            1
a      495      496            1
a      496      497            4
a      497      498            4
a      498      499            1
a      499      500            1
a      375      121            5
a      260      420           10
a       20      224            3
a      222      353            9
a      427      116            8
a       97       35           10
a      277      426            1
a      399       29            6
a      378       33           10
a      266      330            4
a      308      447            2
a      148      329           10
a      460       70            9
a      262      226            2
a      372      348            6
a      217      462            6
a      292      474            3
a      355      139            1
a       79       49            3
a      207      342            8
a       31       19            4
a      276       85            6
a      327       77            8
a      432       20            2
a      206      335            4
a      170      285            3
a       18      152            5
a      261      198            6
a      176      282            6
a      492      209            8
a      488      276            3
a      119      276            2
a      147       55            9
a       46      477            4
a       95       18            1
a      352      358            8
a      180      204           10
a      344       89            4
a      391      196            9
a      135      168            2
a      139      266            4
a      478      377            3
a      319      127           10
a      100      302           10
a        7      179            9
a      189      166            5
a      384      137            5
a      397      250            5
a        8      192            2
a      327       31            6
a      220       24            6
a      348      150            5
a      481      424            8
a      384      134            6
a      494      156            3
a      401      176            7
a      432      299            5
a      284       45            9
a       96      395            2
a       63       29            2
a      213        3            7
a      129      497            5
a       39       30            2
a      499      447           10
a      252      192            1
a       79       19            2
a        7      410            3
a      487      186            8
a      286       99            6
a       51      369            4
a        2      466            1
a      419      399           10
a       22      264            9
a      443      223            2
a       12      304            7
a       29      359            9
a      177       40           10
a       39       34           10
a      145       63           10
a       40      452            3
a      316       94            4
a      318       29            5
a      165      217            2
a      419      395            7
a      445       67           10
a      328      249            5
a      373       22            3
a      418       95            1
a      281       95            7
a      321       92           10
a      256      277            7
a      105      112            2
a      153      366            8
a      341      294            8
a      358      107            4
a       55      132            6
a      444      416            8
a      450      274           10
a      302      437           10
a      400      423            5
a       53      334            5
a      269      287            4
a      401      357            7
a      423      174            9
a      265       84            5
a       47      330            7
a      293       61            5
a      381      196            9
a       14      105           10
a      411      226            3
a       51       45            5
a      243      380            3
a      440      408            1
a       13      334            4
a      181      259            1
a       40      380           10
a      201      324            4
a      255      306            3
a      472      391            3
a        1      449            7
a      461      125            6
a      263      359            1
a      120      476            1
a      177      362            2
a        6      170            9
a      320      464            1
a       60       21            2
a      225      364            3
a      414      299            8
a      437      411           10
a      464      324            3
a       54       92            1
a      226      129            7
a      239      188           10
a      312      180            1
a       10      384            6
a       42      470           10
a      368      101            8
a        6      168            4
a      292      446            8
a      496       19            5
a       92       73            4
a      438      191           10
a      288      283           10
a       38       50            4
a      285       80            2
a      469      468            2
a       15      348           10
a      463      260            3
a      498      123            3
a      236      167            1
a      353      346            2
a      113      475            4
a      278      218            8
a      250      357            3
a      256      129            9
a      221      401            1
a      447      306           10
a      201      473            5
a      137      110           10
a      291      101            4
a        8       35            8
a      414      481           10
a      100      153            1
a      489      392            8
a      386      359            4
a      399      432           10
a      227      356            9
a      466      352            2
a      168      374            8
a      430       85            3
a       82      178            6
a       41      109            9
a       56      344            9
a       80      295            6
a      145      348            4
a      209      123            2
a      194      342           10
a      170      349            4
a      340      477            2
a      382      124            8
a       78      453            5
a       47      442           10
a      368      333            7
a      322      420            4
a      225      477            1
a      148      472            1
a       10      203            8
a      185      231            3
a      289       57            7
a      272      349            3
a      103      276            7
a      139      267            2
a      317      187            2
a       11        9           10
a      374        5            2
a      463      219            6
a      326       20           10
a      264      299            8
a      309      354            1
a       88      351            7
a      398      428            6
a      284      458            9
a      261      400            6
a        4      394            6
a      465      246            4
a      187      339            1
a      471      201            8
a      486      417            4
a      487      130            4
a      362       95            5
a      195      385            6
a       49      357            2
a      204      486            8
a      225      494            4
a      124      395            6
a      104      423            5
a      148      380            7
a      248       60            2
a      289      308            3
a      221       22            3
a      102      394            6
a      201      227            4
a      126      205            1
a      463      433            3
a      203      349            6
a       51      193            8
a      401      483            8
a      205      391            5
a      362      332            7
a      445      153            6
a      181       83            9
a      395      270            9
a      196      477            3
a      225      119            9
a       27       56            9
a      179       78            8
a      168      422            2
a      406      492            3
a      113      402            1
a      342      410            7
a      100      395            5
a       59       86            1
a      448      126            7
a      491       86            2
a      272      351            8
a       27      289            5
a      389      451            7
a      417      133            6
a      278      111            1
a      426       49            2
a      136      110            5
a       91      322            7
a      329      430            7
a      357      370            5
a      395      178            1
a      204      421            9
a      197      438            6
a      269        8            2
a      395      359            3
a      212      378            9
a      482      392            6
a      417       53            7
a      453      181            2
a      313      106            2
a      388      171            3
a      344       90            8
a      262       28            4
a      294       53            6
a      201      454            9
a      324      111            7
a      102      451            4
a      187      269            6
a      154       21            5
a      215      390            5
a      157      191            1
a      170      123            8
a      365      114            5
a      149      482            3
a      118      361            3
a      156      389            6
a       35      291            7
a      495       54            5
a      278      209            8
a      493      367            2
a      100      213            1
a       42      227            2
a      285      413            9
a      239      472            1
a      308      125            7
a      115      150            6
a      345      359            9
a      340      484            8
a      234      130            2
a      248       26            9
a      228      169            5
a       37      409           10
a      101      287            4
a       79      418            1
a      138      393            1
a      399      458            6
a      361      101           10
a      241      422            4
a      286      454            8
a      345      309           10
a      333       42            5
a      263      101            2
a       10       78           10
a      470      217            6
a      279      471            5
a      413      459           10
a      422      390            3
a      214       85            1
a      478      463            5
a      377      222            3
a      143      409            2
a       80      439            5
a      233      257           10
a      438      363            8
a       66      109            8
a       84      239            2
a      252      484            8
a      363      318            2
a       88      243            4
a      121      474            8
a      331      381            7
a      173      308            2
a      237      118            8
a      434      469            4
a      293      176            4
a      483      241            3
a      141        6           10
a      382      339            7
a      100      320            6
a      114       90            4
a      280      379            4
a      180       43            1
a       91      269            8
a      147      215            2
a      449      156            6
a      317      457            8
a      285      499            7
a      111       59            5
a      367      149            4
a      321      416            1
a      167      426            5
a        7      139            6
a      388      395            8
a       72      154            5
a      414      446            9
a      327      301            8
a      230       65            8
a      340       92            9
a      500      263            8
a      290      142            3
a      174      129            7
a      253      395            2
a       93      189            9
a      449       66            2
a      161      478            1
a      352      247            8
a      212      128            6
a      384      388            9
a      232      177            3
a      457      281           10
a       64      400            4
a      149      445            6
a      247       42            7
a        2       94            1
a      496      120            1
a      172      130            8
a      312      235            7
a       40      292            9
a       13      299            9
a      294      304            9
a      368       48            9
a      111      500            2
a      291      366            5
a      122       16            2
a      359       86            9
a      141      273            6
a      120      299            8
a      409      463            6
a      437       11           10
a       80      351            8
a      219       41            9
a      119      143            7
a      126       60            3
a      457      182            4
a      365      406            2
a      388      122            7
a      391        4            9
a       35      174            4
a      260      143            6
a       54      361            4
a       45      246            2
a      267       81            9
a       86      367           10
a      452       44            6
a      435      246           10
a      225      500            7
a      182       18            6
a      158      331            5
a      342      452            8
a      203      377            5
a      277       68            1
a      363      487            7
a       34      437            2
a      170      485            6
a      222      129            5
a       87      322            9
a      406      416            5
a      273      312            6
a      150      183           10
a      384      375            4
a      153      344            5
a       63      273            9
a       15       86            7
a      262      276            9
a      403      269            4
a      141      212            3
a      434       72            9
a      487      238            7
a      254      139            2
a      415      115            6
a      276      412            1
a      452      103            2
a      148      243            4
a      141      473            5
a      434      432           10
a      319      385            1
a       31      479            5
a      453      238           10
a      223       74            7
a      108      244            3
a      217      133            1
a       56      304            6
a      331      189           10
a      412      336            5
a      410      351            3
a      274      458            1
a      267      248            5
a      454      469            1
a      317        9            2
a      143      224            7
a      242      154            4
a      139        2            8
a      285      148            5
a      235       53            4
a      430      352            1
a      318      435            4
a      405      175            4
a      400      296            1
a       21      417            4
a      430      113            7
a       15       13            2
a      108      375            4
a       36      311            4
a      222      492            4
a       49      384            5
a       96      127            1
a      315      496            8
a      232      399            6
a      160      421            2
a      477      219            6
a      132       86            5
a      216      232            5
a       54      291            8
a       40      106            5
a      366      236            3
a      218       21            7
a      482       15            4
a      384      441            8
a      171      443            4
a      462      303            5
a      320      174            7
a      109      398            2
a       73      457            9
a      251      246            8
a      177      193           10
a      231      324           10
a      444      482            6
a       74      453            3
a      466      386            4
a       16      183            5
a      287      355            6
a       91      383            5
a      377      445            9
a      423      196           10
a      256      404            9
a      200      342            5
a      194       72            3
a      336      153            3
a      372      146            7
a      359      458            8
a      385      435            2
a      275      297            2
a      355       40            1
a      362       96            9
a      407      127           10
a      281      250            3
a       11      466            4
a      249      145            6
a      169      340            4
a      152      395           10
a      119      121           10
a       39      109            2
a       77      409            6
a      221      162            2
a      253       23            3
a      483      447            9
a      109      438            9
a      372      156            7
a      474      304            7
a        3       97           10
a      359      195            3
a      460       60            3
a      327      490            5
a       29      122            5
a      480      439            2
a      353      257            2
a       86      441            7
a      405      409            2
a      464      400            2
a      254       97            3
a      189      156            9
a       58      369            7
a      203       73            2
a       12      259            2
a      281      109            4
a      115       73            7
a      268       30            6
a       92      142            9
a      331      327            8
a      157      252            2
a      332      427            1
a      413      217            8
a      230      378            8
a      300      109            6
a      189      398            2
a      215      281            8
a      335      469           10
a      285      380            7
a      299       30            9
a      167       55            1
a      376      336            8
a      267       75            4
a      296       85           10
a      389       53            1
a      177      111            9
a      492      341            1
a      402      189            6
a       78      175            8
a      117      363            9
a       47      382            6
a      178      145            4
a      429      442            5
a      282      490            4
a      374      378            8
a       53       75            9
a       41      331            2
a      232      155           10
a      229      339            2
a       67       74            4
a      476      126            9
a      329      453            7
a      284      320            7
a      267       60            1
a      194      244            2
a       62      496            4
a       46      462            6
a      196       16            9
a       14      459            7
a      305      103            7
a      296      261            5
a      403      300            7
a      315      466            9
a      442      283           10
a      216       31            5
a      423      224            3
a      149      222            4
a      309      197            6
a      415      489            3
a      158       74           10
a      467        3            4
a      375      296            5
a       21      390            2
a       96      274            2
a      129      112            7
a      110      297            1
a       37      169            8
a      309      369            9
a      402      177            1
a      470      226            8
a      147        5            4
a      169       23            2
a      121      481            3
a      447      167            2
a      158      269           10
a      207      215            9
a      206      247            9
a      112      446            2
a      269      267            4
a       72      321            7
a      229      334           10
a       88      418            6
a      341      241            6
a       14      271            8
a      197      272            3
a      401       36            4
a      386       46            1
a      326      471            8
a      272       68            4
a      133      414           10
a      421      452            5
a      200      164            6
a       77      234            7
a      325       53            2
a      411      500           10
a      410      442            8
a      308      463            1
a       65      415            8
a      468      361           10
a      283       69            7
a      325      398            4
a      193       57            2
a      500      123            5
a      379      328            3
a      403      427            3
a       63      476            5
a      498      452            9
a      324       53           10
a      350      437            8
a      312      386            3
a      144       57            5
a      233       61            7
a      157      486           10
a       49       95           10
a      434      410           10
a      163      151            6
a      388      293            9
a      422      176            1
a        2      140            9
a       29      368           10
a      479       27            6
a      495      115            7
a      319       53            5
a      419      212           10
a      151      296            8
a      368      136            8
a      487      214            2
a      254      488           10
a      108      293            3
a      481      369            2
a      273       13            9
a      225      478            5
a      223       33            7
a       37       72            6
a      105      181            1
a      439      127            3
a      386      118            6
a      493       78            3
a      205      162            9
a      226      423            6
a      212      463            3
a       33      160           10
a       36      305            9
a       28      171            8
a      286      428            4
a      486        3            1
a      276      294           10
a      319      336            2
a      145      286            5
a      109      468            9
a      474      268            2
a      491      149            2
a      177      475            8
a      181      340           10
a      108       55            2
a      142      163            2
a      120       57            3
a      344      234            8
a      209      473            4
a      197      443            6
a      358      335            3
a      125      370            9
a      247      121            5
a      321       85            6
a      201       58            2
a       78      381            3
a      469      103            2
a       28      245            5
a      323      149            3
a      491      357            4
a      371      130            7
a      461      361           10
a       68      410            1
a       84      301            2
a      499      420           10
a      246      274            7
a      287      113            4
a      138      197            7
a      253      358           10
a      386      409           10
a      416      445            6
a        5      369            4
a      402      325            9
a      111      233            7
a      462      222            2
a      413      316            1
a      472      155            2
a      134      146            5
a      103      320            1
a       30      223            7
a      222      156            8
a      248       21            5
a       77      262            3
a      204      319            2
a      372      117            1
a      196       68           10
a       48      385            5
a      324      284            5
a      283      253            1
a      263      196            1
a      152       51            7
a      247      385            5
a      276       22            6
a       12       93            1
a      380      301            2
a      208       30            8
a      271      250            4
a      114      180            2
a       23      433            6
a      180      422            8
a      443        4            3
a      209      142            8
a      335      404            7
a       90       20            3
a       72      142            8
a      224      226            6
a      116       19            6
a      350      461            1
a      284      490            4
a       98      479            7
a      407      328            5
a      140      168            7
a      360       79            6
a      349      129            1
a      467      181            1
a      362      303            5
a      317      373            4
a      412      290            7
a      244      368            2
a      226      265            2
a      428      430            7
a      198      180           10
a      499      290            7
a      389      422           10
a      385      443            1
a      300       29            9
a      298       95            2
a       91      254            5
a      280       80            3
a      295      386            6
a       42      213            8
a      225      109            1
a      108       71            1
a       68      493            5
a      223      232            9
a      280      250           10
a      460      488            5
a      103      424            8
a      110       53            7
a       89      376            9
a      103      134            9
a      175      167            7
a       24      259            1
a      325      320           10
a      144      495            6
a      385      355           10
a      422      139            7
a      181       97            9
a      440      195            4
a      469      306            4
a      453      292            8
a      170      499            3
a      473      373            9
a      324       86            3
a      178      274            4
a      484      413            5
a      352      437           10
a      184      268            1
a      160      192            9
a      352       68           10
a      140      130            1
a      390       77            5
a       78      220            2
a      323      377            2
a      199      336            2
a      182      108           10
a       91      436            8
a      433       77            9
a      225       71            7
a      459      307            4
a      100      447            1
a      166      352            3
a      178       98            3
a      441      404            4
a      136      231            9
a      176      117            7
a      282       96           10
a      174      480            5
a       21      120            5
a      180      164            5
a      284      331            6
a      303      353            9
a       28      386            8
a      479      345            6
a      172      256            3
a       71      489            8
a      191      345            3
a       35      494            1
a       18      483            7
a      461       98            5
a      489      427            4
a       49      255            7
a      154       62            5
a      438      127            1
a       57      156            5
a      462       30            5
a      354       13            7
a      205      320            7
a      134      460           10
a      338      205            2
a      218       34            6
a      438       46            9
a      434      265            4
a       52      368            1
a      444      330            7
a      412       70            1
a      112      297            3
a      219      187            8
a      170        8            4
a      474      469            7
a       32       46            5
a      315      153            2
a       82      463            8
a      289      360            8
a       10      313            3
a      414      353            7
a      468      193            8
a      305      153           10
a      227      284            5
a      484      485            9
a      413      498            8
a      365      492            6
a      500       72            4
a      179      286            1
a      312      472            9
a      414       94            5
a       87      161            7
a       67       64            5
a      399      255            1
a      232      150            3
a      237      189            7
a      228       27           10
a      475      458            7
a      128      497           10
a      142        5            7
a      157       88            8
a       22      217            3
a       41      233            5
a        7      449            2
a      418      344            1
a      392      299            5
a      480      477            9
a      408      275            8
a      481      402            8
a      252      211            1
a      240      441            5
a      127      173            5
a      175      258            2
a      492      234            6
a      331       27            6
a      163      309            1
a      207      397            1
a      253      338            4
a       66      112            7
a       91      338            9
a      173      318            4
a      291      395            8
a      233      228            8
a      469      313            2
a        1      160            3
a      347      150            3
a      294      308            2
a      472      440            6
a      269      121            3
a      221      363            1
a       51      205            2
a      445      105            6
a      328      366            9
a      224       82            9
a      218      148            9
a       66      116            6
a      176       88            1
a      218      472            6
a      325      344            8
a      291      104           10
a        8      436            9
a      403      134            3
a      404      399            3
a      294        5            3
a      397      484            5
a       62      367            3
a      390      251            1
a       61       77            8
a       22      427            4
a      441      294            8
a      175      308            1
a      350      373            2
a      404      197            6
a      455      303            2
a      245      461            9
a      187      127            8
a       64      185            2
a      399      225            6
a      357      188            5
a       97      472            5
a       66      256            8
a      366      205            9
a      167      401            9
a      252      438            8
a      350      242            7
a       47      188            6
a      270      258            5
a      219      165            1
a      331      108            6
a      108      468            5
a       77      100            4
a       12      266           10
a      167      467            2
a      328      228            1
a      468      223            4
a      115      286            7
a      154      141            8
a      182       17            9
a      162      150            6
a      175      180            8
a      182      457            7
a       69       98            9
a      236      114            1
a       52      262            9
a      178      454            9
a      357      106            3
a      240      418            5
a      415       56            5
a      495      196           10
a      443      445            5
a      329      375            4
a       61      480            8
a      161      385            4
a       10      378            8
a      374        6            3
a      156      318            6
a      445      147            4
a      232      384           10
a      193      186            2
a      400      284            4
a      282      436            5
a      165       37            5
a      461      186            2
a      433       33            4
a      394      463            1
a      425      443            2
a       90      407            8
a      428      104           10
a       28      115            1
a       46      352            6
a      238      183            9
a      149      141            8
a       61      257            9
a      417      339            5
a      257      321            4
a       29      101            5
a      310       15            5
a      151      459            9
a      409      114            1
a      489      455           10
a      437      266            2
a      211       63            2
a      139      426           10
a       95       44            1
a      151      285            9
a      213      473            1
a      126      264            9
a      494      248            6
a      390      482           10
a      351      201           10
a      271      281           10
a       63      171            8
a      173      167            7
a      379      396            6
a      330      162            5
a      214       25            3
a      307      272            3
a       95      210            5
a      366      306            2
a      284      400            6
a      130      490            1
a      255      270            5
a      214      260           10
a      453      108            5
a      497      240            9
a      354      442            2
a      147      338            7
a      133      290            6
a      174      415            1
a      222       73            1
a      430      358            1
a      255      472            2
a      339      349           10
a      364      412            7
a      439      438            5
a      388      254            3
a      383      425            3
a      481      367            7
a       55      290            2
a      152      331            9
a      179      286            1
a      118      328            1
a      498      444            8
a      334       17            3
a       33       64            2
a      363      198            1
a      299      349            7
a      156      475            4
a      478       80            1
a       49      360           10
a      102      275            7
a      140      329            9
a      121      437            5
a      383      241            3
a      467      469            3
a      497      353            7
a      212      467            7
a      454      168            4
a      384      487            8
a      474      423            9
a      139      444            7
a       42      206            2
a      167      154            5
a      118      412            9
a       21       12            5
a      179      168            7
a      421       77            6
a      365      230            5
a       98      277            5
a      387      476            2
a      276      158            5
a      417      181           10
a      104      471            2
a       45       63            2
a       66       38           10
a      328      338            1
a      300      161            1
a      309       14            8
a      147      414            9
a      241      109            7
a      371      409            5
a       29      114            6
a       38      163            2
a      225      201            7
a      362      346            7
a      103        9            6
a       73      213            8
a      124      148            3
a      341       72            8
a      195      159            6
a      254      100            7
a      385      106            4
a      490      350           10
a      271      120           10
a      138      457            6
a       93      455            6
a      498      362            8
a      395      225            9
a      159      292           10
a      374      192            1
a      449      119            2
a      385      386           10
a      238      225            8
a      162      310            3
a      388        8            2
a      393      251            8
a      362      118            2
a      332       74            3
a      423      178            7
a      104       26            7
a      461      339            8
a      338      465            3
a      221      498            5
a      378      470            3
a      252      253            4
a       15      175            9
a       44      361            1
a        3      107            6
a      332      388            3
a      452      145            5
a      124      126           10
a      246       91            5
a      445      453            3
a      133      116            4
a      320      388            1
a      373      165           10
a      384      398            8
a       20      100            3
a      486      251            2
a      345      136           10
a      437      209            2
a      278      231           10
a      489      307            3
a      370      330           10
a      339      112           10
a      326      415           10
a      326        4            3
a      491      435            9
a      155      393            3
a      388      241            6
a      258       76            1
a      415      193            1
a       33        6           10
a      261       60            3
a      413      252            5
a      248      366            9
a      266      158            4
a      455      191           10
a      297      399            5
a      344      417            2
a      101       70            4
a      411      194            7
a      130      310            5
a      445      346           10
a      230       85           10
a      487      124            9
a      480      314            6
a      301      111            7
a      403      326            1
a      386      227            5
a       91      397            9
a      456       78            5
a      102       81            1
a      222       10            3
a      380       26            2
a      393      442            7
a      206      105            4
a      412      114            9
a       12      352           10
a      218       38            2
a       92       30            8
a       82      432            5
a        8      497            8
a       81        6            2
a      111       67            6
a      166      418            7
a      321       92            4
a        7      221            6
a      365      188            4
a      393       10            1
a      306      276            3
a      337      444            2
a      236      477            1
a      358      113            8
a       36      323            3
a      461      129            7
a       97      335           10
a      337       82           10
a      391       93            2
a       35      308            1
a      144      228            4
a       72      135           10
a      370        3            9
a      355       18            3
a      283      170            2
a      170      136            4
a       44      188            7
a      104      180            6
a       22      114            8
a      349      190            1
a      108       52            8
a      121      388            4
a      286      461            4
a      178      485            6
a      455      398            7
a      423       36           10
a      111      353            1
a       25      310           10
a      218      311           10
a      125      222            3
a      145      446            4
a      390      203            3
a      213      498            5
a      475      368            2
a      388      361            3
a      313      153            5
a      223      256           10
a      186      486            8
a      130      477            6
a       41      299           10
a       53      279            6
a      239       47            4
a      493      277            6
a      145       62            9
a      312      457            1
a      356      363            6
a       45      420            9
a      278      150            3
a      339      392            7
a      340      443            5
a      407      232            7
a      251      367            2
a      215      288            2
a      438      249            9
a      286      304            8
a      125      178            5
a      316      427            6
a      452      290           10
a      389      379            8
a      500      442           10
a      314      393            2
a      259      495            5
a      140      222            2
a      193      283            2
a       96      255            8
a      441      304            4
a      147      160            4
a      486        7            1
a       11      389           10
a      200      402            6
a      346      473            8
a      141       20            1
a      402      110            6
a      266       52            3
a      273      332            7
a      360      184            6
a      348      333            3
a      461      455            9
a      393      466            3
a      385       32            3
a       62      424            9
a      127       66            7
a      421      243            8
a      419      304            8
a      373      433            5
a       90      324            2
a       82      366            4
a       62      224            4
a      247      417           10
a      363      212            9
a      237      351            1
a      442      457            9
a      257        5            8
a      256      102            9
a      324      494            6
a      238      197            8
a      468      430            7
a      102      307           10
a       39        1           10
a      273      301            9
a      158      186            3
a      269      297            9
a      202      474            6
a      371      429            3
a      314       13            6
a      157      487            6
a      246      444            1
a      162      114           10
a      344      396            2
a      358       75            1
a      266      131            8
a       22      200           10
a      446      258            7
a      176      322            7
a       58      117            3
a      345       98            3
a       58       47            7
a      190      253            4
a       97      140            5
a      315      275            7
a      342      388            6
a       41      185           10
a      385      162            8
a      386      439            1
a      132        6            4
a      147       41            5
a      106      428            2
a      146      333            5
a      283       90            8
a       15      369            9
a       29      197            2
a      257      103           10
a      358      303            2
a      349       30            1
a       92      316            7
a      150      146            7
a       99      104            2
a      140      454            9
a      111      348            5
a      179      401            4
a      105       96            4
a      423      442            5
a       44      422            2
a      405       10            3
a      164       57            6
a      388      422            5
a      251       12            5
a      205      284            3
a      182      377            9
a       35      115            9
a      195      308            5
a      396      422            4
a      131       50            6
a       58       30            8
a        1      389            2
a       56      404            8
a      463      439            5
a      153      249            8
a      334      377            2
a      229       14           10
a      430      491            3
a      423      419            2
a       19      251            5
a      209      416            5
a      244       80            5
a       80      398            6
a      349       26            8
a       84      229            9
a        9      185            7
a      131      490            8
a        4      466            2
a      230       34            3
a      371       70            2
a      222      211            7
a       41       38            6
a      436      252            9
a      324      170            9
a      350       14            5
a      372      273            5
a      363      334            6
a       98      359           10
a      111      423            4
a      177      237            4
a        7      190            6
a       83      297            3
a      173        2            3
a      189      302            9
a      364      311           10
a      209       36            4
a      182      102            7
a      290      381            2
a      482        1            3
a      239       74            6
a      258      324            4
a      348      352            5
a       87      181            2
a      386       47            1
a      294      135            4
a      240      314            5
a      469      174            9
a      229      246            3
a      232       73            4
a      498      411            6
a      320      438            8
a      323      146            1
a        4      476            9
a       13      363            5
a      208      159            4
a      472      132            7
a      338      183            3
a      228      432            4
a      373      158            6
a       93      114            8
a       91      132            1
a      279      485            2
a       36       45            1
a      103      215           10
a      333      298            8
a      493      353            6
a      410       52            6
a      270      218            5
a      328      411            5
a      199      169            3
a       92      493           10
a      472      471            7
a      138      388            5
a      293      374            7
a       38      275           10
a      291      419            7
a        7      412            8
a      472       82            1
a      286      414            9
a      385      463           10
a      234      114            3
a      106      480            7
a      143      475            2
a       76      335            1
a      210      267            4
a      149      467            7
a      500      396            9
a       92      168           10
a      312      451           10
a       65      209           10
a      473      102           10
a      394      454            9
a      337      130            5
a      178      294            7
a       58      387            8
a       34       73            5
a      172       49            8
a      391      186            1
a      479      461            6
a      480       90            7
a      375      426            7
a      219      155            6
a      432      126            8
a      334      500            5
a      369      352            8
a       67      384            3
a      395       16            3
a      404      100            9
a      423      339            6
a      190      416           10
a      204      319            6
a       38      201            7
a      115      467            3
a      274      159            6
a       77      447            3
a      186      339            3
a      466       52           10
a       77      111            8
a      277       68            1
a      106      191            9
a      424      281            1
a       66       14           10
a       92      452           10
a      164      375            9
a      397      246            4
a      486       97            8
a      336       57            1
a      158      330            7
a       12      325            6
a      302      129            7
a       46      305            3
a      112      448            2
a      293      334            2
a      448      444           10
a       60      475            1
a      465      165            1
a      446      395            7
a      325      132            6
a      178      156           10
a      107      182            2
a      435      460            7
a      476       91            4
a       80      197            2
a      187       14            4
a       41      418            7
a      391      121            2
a      192       90            2
a      143       46            7
a       85      238            9
a      365      242           10
a      193      220            9
a      372      298           10
a       10       68            4
a      352      440            1
a      343      430            8
a        4       63           10
a        6      244            1
a      253       11           10
a      322      331            7
a      193      132            5
a      362      133            5
a       80      200            8
a      273      291            7
a      377      273            7
a      239      259            6
a      421      325            3
a      225       49            4
a      441      161           10
a       48      136            5
a      153       57            7
a       98      386           10
a      219      444            8
a      122      261            7
a      347       70            2
a      460      295           10
a      271      140            7
a      364      195            1
a      279      227            4
