c random network for shortest paths problem
c extended DIMACS format
c
t rd_100_400_100_l
c
c length -> min: 1 max: 10 k1: 0.00 k2: 0.00
c
p sp      100      400
c
n        100
c
a        1        2            3
a      100        1            7
a        2        3            8
a        3        4            7
a        4        5            3
a        5        6            7
a        6        7           10
a        7        8            2
a        8        9            9
a        9       10            8
a       10       11            5
a       11       12            2
a       12       13           10
a       13       14            1
a       14       15            8
a       15       16            9
a       16       17            3
a       17       18            2
a       18       19           10
a       19       20            4
a       20       21            6
a       21       22            4
a       22       23            9
a       23       24           10
a       24       25           10
a       25       26            8
a       26       27            4
a       27       28            2
a       28       29            8
a       29       30            3
a       30       31            7
a       31       32           10
a       32       33            6
a       33       34            6
a       34       35            7
a       35       36            1
a       36       37           10
a       37       38            2
a       38       39            5
a       39       40            8
a       40       41            9
a       41       42           10
a       42       43           10
a       43       44            6
a       44       45            4
a       45       46            1
a       46       47           10
a       47       48            1
a       48       49            9
a       49       50            8
a       50       51            9
a       51       52            4
a       52       53            5
a       53       54            1
a       54       55            2
a       55       56           10
a       56       57            5
a       57       58            1
a       58       59            7
a       59       60            3
a       60       61            7
a       61       62            6
a       62       63            5
a       63       64            9
a       64       65            9
a       65       66            2
a       66       67            9
a       67       68            1
a       68       69           10
a       69       70            6
a       70       71            8
a       71       72            9
a       72       73           10
a       73       74            1
a       74       75            6
a       75       76            1
a       76       77           10
a       77       78            9
a       78       79            7
a       79       80            8
a       80       81            9
a       81       82            1
a       82       83            6
a       83       84            7
a       84       85            4
a       85       86            4
a       86       87            2
a       87       88            1
a       88       89            5
a       89       90            7
a       90       91            7
a       91       92            5
a       92       93            7
a       93       94            3
a       94       95            1
a       95       96            4
a       96       97            6
a       97       98            2
a       98       99            2
a       99      100           10
a       65       60           10
a       43       52           10
a       39       59            7
a        3       56            1
a       90       23            4
a       56       74            6
a       16       65            5
a       42       94            8
a       66       61            4
a        6       20            5
a       38       43            5
a       23       69            9
a       11        5            3
a       54       21            5
a        4       48            3
a        8       57            2
a       75       48            5
a       21       94            3
a       92       74            4
a       12       32            5
a       13       60            1
a       69       46            9
a       51        4           10
a       97       16            6
a       28       42           10
a       32       62            1
a       71       57            2
a       91       74            1
a       53       83            4
a       43       76            7
a       73       55            2
a       66       20            9
a       40       90            1
a       28       84            7
a       78       41            3
a       87       59            2
a       28       88            9
a       18        2            6
a       57       84            1
a       83       76            3
a       84       98            3
a       54       37            6
a       80       41            9
a       21       39            2
a       11       40            7
a        2       37            5
a       15       79            9
a       75       73            5
a      100        8            5
a       40        3           10
a       69       22            1
a       82       85            1
a       65        5            8
a        9       92            7
a        4       37            7
a       80       89            4
a       99       12            6
a       14       56            4
a       66       21            4
a       19       43            6
a       92       97            2
a       53       52            6
a       72       93            9
a       16       61            6
a       40       31            3
a       86       61            3
a       82       67            9
a       67       27           10
a       91       22            5
a        2       53            4
a        1        6            7
a       76       45            3
a       63       33            5
a       87       34           10
a       42       32            7
a       16       66            3
a       63       81           10
a       91       16            8
a       97       92            9
a       80       36            4
a       66       10            1
a       51       45           10
a       44       50            3
a       38       89            5
a       62       14            6
a       88       24            1
a       34       14            7
a       69       34            1
a       36        2            8
a       52       71            4
a       85       71            1
a       59       71            5
a        2        1            3
a       97       49            7
a       44       17            8
a       58       63            6
a       30       66            7
a       91        3            8
a       22       80            4
a       82       25            2
a       14        9            9
a       25       39           10
a       64       11            4
a       35       36            5
a        2        5            8
a       32       99            9
a       89       48            3
a       63       44            9
a       45       94            4
a       88       40            5
a       21       11            2
a        2       74            2
a       83       37            8
a       87       89            3
a       70       52            8
a       30       93            2
a       19       43            8
a       77       80            4
a       81       19            1
a       84       70            9
a       13       21           10
a       52       33            1
a       10       32            9
a       61       52            8
a       37       79            6
a       67       99            1
a       37       64            5
a       67       12            4
a       19       29            4
a       94       19            1
a       85        1            6
a        5        4            4
a       33        6            1
a       75       25            5
a       52       84           10
a        4       45            3
a       45       71            9
a       86       24            8
a       20        7           10
a       56       86            1
a       80        6            6
a       76        7           10
a       54       66            4
a       62       90            2
a       30       66           10
a       92       14            9
a       53       46            2
a       75       70            6
a       44       93            6
a       59       95            3
a       71       28            1
a       16       10            3
a       42       69            8
a        7        4            4
a       56       17            6
a       66       16            8
a       87        4            2
a       42       67            4
a       34       57            3
a        4       31            5
a       53       40            6
a       36       57            6
a       99       42            8
a       98       56            3
a       24       56            2
a       30       11            9
a       10       96            4
a       19        4            1
a       71       72            8
a       36       41           10
a       69       18            4
a       79       40            9
a       27       34            2
a       28       54            4
a       96       76            3
a       64       26           10
a       20       61           10
a        2       36            9
a       38       34            5
a       77       28            5
a       80       50            5
a        2       39            2
a       66        7            6
a       44        5            6
a       70       30            5
a       97       85            8
a       77       27            6
a       99       32            3
a       81       36            7
a       87       60            5
a       57        9            9
a       20       79            2
a       13        6            2
a       43        1            7
a       26      100            5
a        8        6            2
a      100       90           10
a       51       39            1
a       16        4            2
a        2       82            3
a       98       38            8
a       58       20            6
a       11       74            4
a        1       94            1
a       84       80           10
a        5       53            9
a       89       45            2
a        3       61            7
a        6       72            9
a       36        8           10
a        8        7           10
a       29       13           10
a        8       91            3
a       64       19            4
a       64        6            5
a       33       44            2
a       84       79            7
a       89       14           10
a       66       50            5
a       75        5            3
a       84       19            1
a       57       19            7
a       65       19           10
a       52       56            7
a       21       23            2
a       31       74            8
a       69       59            8
a       72       22            4
a       11       27            6
a       89       84            8
a       90       55           10
a       61       88           10
a       80       85            5
a       11       67            5
a       54       58            4
a       81       72            7
a       85       35            9
a       53       17            5
a       10       66            7
a       59       13            5
a       77       40            9
a        3       21           10
a       83       46            3
a       11        9            5
a       49       76            3
a       88       82            1
a        3       67            4
a       37       52            1
a        8       76           10
a       41       65            4
a       51       62            3
a       95       79            3
a        1       90            7
a       93       25            6
a       53       72            1
a       24       96            1
a       36       73            2
a        2       34            9
a       64       93            1
a       12        5            2
a       45       73            3
a       83       60            8
a       88       83           10
a       93       65            3
a       11       19            1
a       46       26            7
a       48       38           10
a       63       36            1
a        2       77            6
a        9       94           10
a       74       21            8
a        2       34            4
a       59       90            8
a      100        4            5
a       19       15            4
a       88       39           10
a       58       57           10
a        8       10            4
a       57       16            2
a       94       14            1
a       70       96           10
a       52       21           10
a       25       30            5
a       34        4            8
a       70       20            3
a       95       38            6
a       44       72            5
a       72       21            6
a       26       90            5
a       81        6            9
a       62       95            5
a       95       44            3
a       22       93            6
a       21       37            1
a        7       72            9
a       97       96            2
a       31        3           10
a       79       80            8
a       72       39            8
a       87       98            5
