c random network for shortest paths problem
c extended DIMACS format
c
t rd_100_2000_10_l
c
c length -> min: 1 max: 10 k1: 0.00 k2: 0.00
c
p sp      100     2000
c
n        100
c
a        1        2            2
a      100        1            6
a        2        3            7
a        3        4            8
a        4        5            3
a        5        6            2
a        6        7            8
a        7        8           10
a        8        9            4
a        9       10            9
a       10       11            7
a       11       12            2
a       12       13           10
a       13       14            2
a       14       15            2
a       15       16            6
a       16       17            4
a       17       18            7
a       18       19            4
a       19       20            7
a       20       21            9
a       21       22           10
a       22       23            9
a       23       24           10
a       24       25            6
a       25       26            4
a       26       27            8
a       27       28            4
a       28       29            6
a       29       30            3
a       30       31            1
a       31       32            3
a       32       33            7
a       33       34            8
a       34       35            6
a       35       36            2
a       36       37           10
a       37       38            7
a       38       39            6
a       39       40            8
a       40       41            5
a       41       42            4
a       42       43           10
a       43       44            1
a       44       45            7
a       45       46            4
a       46       47            8
a       47       48            7
a       48       49            8
a       49       50            9
a       50       51            1
a       51       52            4
a       52       53            1
a       53       54           10
a       54       55            1
a       55       56            2
a       56       57            9
a       57       58            9
a       58       59            4
a       59       60            7
a       60       61            2
a       61       62            9
a       62       63            8
a       63       64            3
a       64       65            3
a       65       66            2
a       66       67            9
a       67       68            6
a       68       69           10
a       69       70            9
a       70       71            1
a       71       72            9
a       72       73            5
a       73       74            5
a       74       75            3
a       75       76            1
a       76       77            4
a       77       78            2
a       78       79            3
a       79       80            5
a       80       81            8
a       81       82            2
a       82       83            8
a       83       84            6
a       84       85            6
a       85       86            7
a       86       87            9
a       87       88            2
a       88       89            3
a       89       90            5
a       90       91            3
a       91       92            1
a       92       93           10
a       93       94            5
a       94       95            1
a       95       96            7
a       96       97            6
a       97       98            1
a       98       99            9
a       99      100            4
a       15       97           10
a       23        5            8
a       40       51            4
a       28       69            2
a      100       12            2
a       33       16            5
a       47       61            2
a       77       82            4
a        6       79            4
a       37       11            2
a       58       23            2
a       21       79            9
a       56       83            2
a       69       48            5
a       64       32            8
a       38       42           10
a        7       50            7
a       11       73            6
a      100       53            2
a       65       31            4
a       83       24            7
a       89       96           10
a       51       19           10
a       55       66            2
a       30       76            4
a       36       85            8
a       56       61            3
a       38       81            6
a       73       69            4
a       67       50            1
a       61       62            5
a       20       25            2
a       35       86            9
a       46       67            9
a       88       53           10
a       12       54           10
a       75       30            1
a       81       20            7
a       87       78            6
a       10        8           10
a       12       17            4
a       48       14            1
a       24       17            7
a       45        2            3
a        1       65            4
a       61       19            8
a       77       93            6
a       99       16            1
a       14      100            5
a       95       13           10
a      100       79            6
a       19       35            3
a       92       88            1
a       89       92            6
a        6       10            8
a       24        8            3
a       40      100            2
a       15       93            1
a       58        6            9
a       31       84            3
a       15       36            6
a       56        5            6
a       96       43            3
a       99       93            7
a       69        4            5
a       84       36            9
a       93       53            7
a       27       25            7
a       27       81            8
a       59       73            6
a       86       91            9
a       79       80            9
a       40       61            3
a       59       36            8
a       45       68            3
a       97       47            4
a       85       97            3
a       55       45            2
a       53       64            6
a       72       71            6
a       86       70            1
a       46        5            7
a       45       41            1
a       12       77            5
a       96       70            1
a       60       36            5
a       83       58           10
a        6        7            6
a       19       22           10
a       35       32            4
a       13        8            9
a       10       42            5
a       31       64            9
a        3        9            8
a       88       86            5
a       43       60           10
a       60       85           10
a       70       91            9
a       99        2            8
a       40       99            3
a       84       38            3
a       27       12            1
a       82       52            8
a       40       85            7
a       23       46            5
a       80       94            8
a       81       54            1
a       48       97           10
a       72        5            3
a       40       54            6
a       96       75           10
a       66       10            5
a       47       99            6
a       53        8            9
a       12       43            8
a       16        3            4
a        1       48            9
a       17       44            9
a       49       71           10
a       64       81            4
a       81       83            7
a       64        5            2
a       10        1            5
a       53       70            5
a       71       86            8
a       51       70           10
a       73       77           10
a       68       61            9
a       13       75            9
a       49       73            7
a       10       63            3
a       33       55            7
a       31       85            5
a       55       35            4
a       78       23            7
a       64       74            3
a       57       23            4
a       36       72            5
a       53       66            1
a       82       96            9
a       92       26            3
a       15       35            4
a       73       69            5
a        4       97            8
a       84       40            1
a       18       45            4
a       36        5            6
a       20       25            7
a       79       14            8
a       88       97           10
a       39       71           10
a       74       11           10
a        2       41            9
a       80       74            1
a        3       33            4
a       51       43            6
a       44       45            8
a       56       59            5
a       49       13            4
a        3       92            9
a       96       33            4
a       78       86            6
a       96        9           10
a       98       37            2
a       21       69            3
a        3       83            4
a       83       46            4
a       57       46            1
a       52       71            7
a       13       68            5
a        7       93           10
a       53       13            4
a       12       85           10
a       39       78            2
a      100       44            3
a       61       66            5
a       57       97            6
a        1       58            2
a       58       94            3
a       17       94            6
a       71       32            2
a       37       13            5
a       88       74            3
a       41       83            3
a       61       76            8
a       64       72            1
a       62       94            1
a      100       40            3
a       99       49            9
a        8       42            8
a        6       74            9
a       11       80            4
a       29       19            3
a       95       64            9
a       30      100            5
a       47        1            7
a       55      100            5
a       41       77            9
a       20       83            4
a       10       44            8
a        9        4            1
a       24       11            1
a       92       71           10
a       37       73            6
a       26       17           10
a       83       23            1
a       36       95            7
a       92       61            5
a       28       43            9
a       22       74            2
a       47       92            4
a       12       20            4
a       38      100            5
a       70       75            4
a       70       74            2
a       76       68            5
a       26        8            7
a       63       11           10
a       61       14            4
a       44       55            4
a       17       57            3
a       15       48            8
a       79        2            9
a       42       60            4
a       48       93            9
a       31       44            8
a       25       33            8
a       52       66            4
a       11        3            2
a       36       72            1
a       36       96           10
a       70       36            7
a       80       45            4
a       74       70            5
a       51       24            1
a       81       89            7
a       45        4            8
a       42       29            2
a       56       61           10
a       42        2            5
a       44       22            7
a       19       30            7
a       26       23            9
a       11       38            7
a       41       71            6
a       63       44            1
a       73       97            6
a       86       23            4
a       28       26            5
a       22       15            3
a       14       61            6
a       36       80           10
a       82        9            7
a       36       21            5
a       69       62            5
a       66       27            4
a       86       62            4
a       82       40            3
a        6       45            5
a       83       65            9
a       23        7            6
a       35       33            7
a       45       72            1
a       36       52            2
a       65       66            1
a       96       48            3
a       23       95            6
a       79       95            6
a       55       89            6
a       56       64            5
a       53       66            9
a       28       49            1
a        6       72            3
a       64       83            5
a       66       20            1
a       72       59            8
a       24        6            2
a       47       92            7
a       69       11            9
a      100       36            2
a       73       34            7
a       54       96            8
a       19       57            3
a        5        4            5
a       89       80            2
a       93       36            2
a       24       59            7
a       32       98            7
a       51       94           10
a        5       17            5
a      100       52            9
a       31       64           10
a       39        2            1
a       51       39            6
a       73       56            3
a       72       37            3
a       75        3            3
a       82       62            9
a       62       89           10
a       90       36            6
a       59       80            3
a       27        7            9
a       31       98            3
a       26       75            1
a       29       95            5
a       92        2           10
a       47       79            5
a       20        6            4
a       39       25            3
a       13        3            5
a       40       43            3
a       13        7            9
a       79      100            6
a       35       75            3
a       84       91            8
a       38       27            2
a       44        7           10
a       70       81            1
a        5       64            2
a       49      100            1
a       64       22            9
a       13       50            3
a       42       29            5
a       51       43            4
a       21       42            2
a       58       78            8
a       61       58            9
a        1       46            9
a       35       55            9
a       91       41            4
a       34       74            9
a       33       70            8
a       70       43            5
a       20       52            7
a        8        6            8
a       63        8            5
a       53       88            1
a       71       51            7
a       60       67            4
a       16       92            6
a       13       71            2
a       72       58            9
a       85       40            8
a       48       87            8
a       53       78            1
a       89        2            4
a        9       89            9
a       64       94            7
a       89       33            2
a       54       86            9
a        7       24            9
a       74       83            6
a       42       39            9
a       28       94            9
a       17       97            6
a       96       40            4
a       41       38           10
a       54       48            6
a       52       42            2
a       49        8            9
a       82       89            5
a       26       14            2
a       79       88            9
a       67       69            2
a       11        8            7
a        5        8            2
a        9       39            9
a       12       44            9
a       74       53            5
a       84       71            3
a       81       47            9
a       37       57            5
a       17       83            8
a        8       70            1
a       89       86            2
a       84       37            1
a       85       97            6
a       84       93           10
a       25       35            7
a       42       22            9
a       91       70            3
a       67       97            6
a       84       92            9
a       74       20            9
a       12       96            7
a       52       70            9
a       17       25            4
a       25       87            8
a       76       46            5
a       81       31            8
a       69       51            3
a        2       62            1
a       66       13            8
a       54      100           10
a       96        8            2
a       79       27            8
a       11       43            9
a       66       89            8
a       49       16            3
a       98        5            5
a       40       60            5
a       96       41            3
a       72       52            3
a       97       11            5
a       85       77            4
a       15       21            8
a       41       13            6
a       14       31            5
a       92       58            3
a       52       25            2
a        4       49           10
a       12       57            4
a       66       85            5
a       33        1            6
a       52       28            7
a       77       96            5
a       16       55            4
a       20       30           10
a       20       19            5
a       29       42            9
a       27       96            9
a       36       55            2
a       48       34            8
a       21       41            2
a       52       53            5
a       37       89            9
a        3       93           10
a       92       63           10
a       67       13            2
a       72       91            5
a       69       95            4
a       17       74            3
a       62       19            8
a       27       51            5
a       39       27            7
a       45       49            7
a       18       53            8
a       88       73            2
a       92        4            1
a       57       11            7
a       56       37            8
a       95       78            1
a      100       77            9
a       36       27            1
a       89       21            3
a       57       46            3
a       45       86            3
a       86       67            4
a       72       20            1
a       72       96            8
a       87       19           10
a       80       34            9
a       75       53            2
a       41       20            5
a       73       34           10
a       88       93            6
a       96       68            3
a        9       98            7
a       17       16            4
a       61       84            9
a        3       89            6
a       18       86            3
a       49       13            8
a       14       66            2
a       46       72            2
a       25       98            4
a       61       42            4
a       93       77            3
a       35       13           10
a       47        1            6
a       42       99            1
a       68       30            1
a       94       78            3
a      100       26            1
a       37       52            8
a       29       68            7
a       21       31            6
a       90       10           10
a       26       78            5
a       39       79            3
a       44       89           10
a       21       87            6
a       45       99            2
a       15       80            3
a        2        8            1
a       84       26            8
a       51       89            2
a       85        2            4
a       57       25           10
a       80       56            1
a       58        8            4
a        2       66            4
a       55       47            5
a       60       53            7
a       48       24            8
a       62       72           10
a       31       30           10
a       15       36            9
a       62       95            4
a       99       24            1
a        1       24            4
a       11       64           10
a        3       65            3
a       12       80            3
a       23       34            8
a        6       54            8
a       42       36            4
a       88       63            1
a       56       72           10
a       19       29           10
a       62       86            3
a       92       29            2
a       29       54            6
a       24       15            8
a       24       89            6
a       73       14            4
a       28        9            4
a       16       89           10
a        1       99            6
a       58       70            4
a       11       57            8
a       22        4            6
a       62       65            5
a       94       97            8
a       73       26            6
a       13       85            1
a       39       42            2
a       98       94            1
a       69       65            9
a       84       36            2
a       80       46            9
a       83       32            8
a       96       18            8
a       64       33            2
a        1       33            5
a       16       68            2
a       72       16            4
a       16       59            4
a       56       53            8
a        6       19           10
a       65       22           10
a       51       41            3
a       59       93            7
a       26       81            4
a       68       60           10
a        6       58            7
a       82       80            6
a       85       12            9
a       68       83            6
a       35       55            6
a       25       69            2
a        8       90            5
a       58       67            7
a       94       17            8
a       45      100            8
a       79       14            3
a       29       72            6
a       87       24            1
a       46       63            3
a       47       58            3
a       12       49            9
a       77       17            7
a       19       88            3
a       56       47            1
a       86      100            5
a       91       23            8
a       98       84            7
a       12       50            9
a        1       20           10
a       51       70            4
a      100       35            1
a        5       35            8
a       94       24            2
a       37       96            3
a        5       63            3
a       92       52            9
a       47       76            3
a       97       78            4
a       31       76            2
a       53        6            3
a       59       32            7
a        3       63            7
a       92        6            3
a       40       90            5
a       85        8            2
a       92       65            6
a       67       63            6
a       24       28            8
a       20       84            4
a       76       74            6
a       76       95           10
a       59        1            8
a       69       66            3
a       55       61            8
a       99       96            8
a       60       12            5
a       84      100            8
a       32       21            8
a       14       41            3
a       41       56            2
a       26       74            8
a       50       34            4
a       21       95            8
a       79       55            1
a        4       98            8
a       61       95            5
a       95       82            4
a       59       24            1
a       70       93            5
a       38       75            9
a       54       32           10
a       89       31            2
a       18       87           10
a       45       90            8
a       87       38            3
a        2      100            5
a       58       37            3
a       77       24            8
a       14        2           10
a       60       44            2
a       27       99            5
a       82       69            9
a       35       13            4
a       68        2           10
a       34       76            8
a       62       85            4
a       52       27            3
a       17       29            9
a       15       66            7
a       65        1            5
a       93       99            3
a       30       91            5
a       41       93            4
a       36       31            6
a       21       60            4
a       34        4            6
a       89        9            3
a       12       64            1
a       84       74            6
a       44       78            2
a       67       92            6
a        1       30            6
a       72       81            7
a        8       44            7
a       49       25            8
a       61       46            2
a       46       43            5
a       57        9            2
a       40       88            1
a       32        1            3
a       22       55            6
a       38       34            7
a       47       84            2
a       88       26            4
a       29       45            2
a       11       60            9
a       57        4            9
a       36       20            7
a       43       68            6
a        2       83           10
a       11       60            3
a       40       30            6
a       43       14            1
a       60       84            5
a       26       52            4
a        7       67            6
a       92       16            3
a       64       26            7
a       80       59            6
a        8       88            5
a       96       68            7
a       75       50            6
a       35       70            9
a      100       60           10
a       25       51            1
a       99       85            9
a       19        7            1
a       25       24            4
a       31        6            1
a       28       89            7
a       83       13            7
a       26       55            5
a       64       17           10
a        6       20            3
a       26       57           10
a       63       56            5
a        5       86            3
a        4       63            5
a       32       33            8
a       76       71            1
a       16       38            1
a       45       19            2
a        2       96            4
a       73       50            6
a       38       47            6
a       73       12            1
a       16       27            9
a       69       61            4
a       69       47            2
a       40       69            9
a        2       10            9
a       20       54           10
a       40       28            3
a       28       54            6
a       61       30            7
a       79       87            4
a       90       88            1
a       97       27            2
a       54        6            6
a       77       28            4
a       35       50            8
a       58       32            3
a       15       50            7
a       72       91            5
a       49       65            5
a      100        1            9
a       89       70            5
a       37       71            8
a        2       69            2
a       76       21            5
a       57       60           10
a       92       58            7
a       61        7            7
a       44       31            9
a        9       96            1
a       67       82            7
a       76       46            8
a       94        9            2
a       27       31            8
a       31       60            6
a       50       77            7
a       50       14            5
a       39       36            2
a       87       96            6
a       20       25            7
a       86       43            5
a       11       63            1
a       52       14            3
a       46       78            6
a       50       69            3
a       35       65            9
a       26       65            4
a       43       55            8
a        5       20            9
a       76       81           10
a       72       91            5
a       31        3            4
a       29       59            1
a       43       92            1
a       17       91            3
a       72       71            5
a       36       47            5
a       72       80            9
a       71        9            4
a       38       25            2
a       62       13            1
a       29       11            6
a       12       23            8
a       25       57            5
a       81       21            5
a       73       31            3
a       54       35            7
a       11       54            2
a       90       98            2
a       98       94           10
a       29       77            2
a       47       70            8
a       82       27            8
a       11       37            4
a       17       37            5
a       94       87            1
a       60       44            4
a        4       19            1
a       94       44            1
a       89       45            4
a        1       14            4
a       93       89            9
a       20       59            1
a       59        9            8
a       15       80            5
a       39       35            6
a       41       65            4
a       91       27            3
a       79       12            4
a       44        2            6
a       64      100            2
a       73       59            1
a       92       61            5
a       56       15            1
a       67       10            3
a       12       21            4
a       30       33           10
a       93       84            5
a        3       72            1
a       54       15            2
a       45       94            4
a       76       55            6
a       70       63           10
a        4        7            6
a       90       22            7
a       19       55           10
a       97       18            9
a       70       20            5
a       15       14            1
a       54       17            5
a       24       66            5
a       40       93            7
a        9       62            1
a       34       19            7
a       20       75            9
a       94       75            3
a       47       12            8
a       96       26            3
a       18        4            9
a       90       24            8
a       97       21            3
a       25       81            3
a       21       87            3
a        2       60           10
a       65       11            7
a       17       12            1
a       39       47            1
a       50       41            9
a       21       57            8
a       43       22           10
a       30       70           10
a       25       27            3
a       90       92            8
a       61       11           10
a       99       36            9
a       15       88            2
a       48       68            6
a       40       16            2
a       16       28            2
a       53       27            7
a        9       69            5
a       62        3            2
a       25       26            8
a        5       70            3
a       41       93            5
a       61        1            7
a       94       11            3
a       85       95            6
a       97       20            1
a       59       15            1
a       85       71           10
a       46       59            1
a        5       66            6
a       79        2            4
a       84       38            5
a       29       82            9
a       89       59            6
a       60       87            8
a       65       51           10
a       55       40            9
a       15       14            9
a       95       87            2
a       51       28            6
a       37       62           10
a       66       59            6
a       34       69            6
a       31       93            2
a       92       28           10
a       15       95            5
a       35       81            1
a       39       50            1
a       44       52            9
a       61       38            9
a       66       84            3
a       62       50           10
a       96       57            6
a       87       89            5
a       19       51            1
a       94       75            2
a       97       90            7
a       32       21            4
a        6       98            7
a        5       89            5
a       92       82            8
a       55       71            8
a       14       34            7
a       31       35            7
a       42       78            4
a       11       59            6
a       75       63           10
a        6       40            2
a       64       37            1
a       42       35            1
a       19       44            2
a       46       79           10
a       54       24            1
a        2       84            8
a       59       15            6
a       94       69            5
a       60        1            5
a       25       77            2
a       92        2            4
a       37       65           10
a       68       32            4
a       54       15            9
a       55       27            4
a       23       93            4
a       53       12            8
a       34       29            8
a       17       11           10
a       63       13           10
a       70       37            4
a       92       15            7
a       64       12            5
a       60       53           10
a       46       26            5
a        6       40            2
a       26       81            3
a       58       91            6
a       22      100            4
a       89        4            7
a       39       73            8
a       26       34            9
a       30       40            5
a       85        9            9
a       68        7            4
a      100       67            9
a       47       40            1
a       99        7            6
a       82        3            6
a       82       35            7
a       96       47            7
a       74       70            4
a       29       95            8
a       20        4            1
a       63       29            3
a       25       72            6
a       81       41            1
a       70       91            7
a       85       57            9
a       37       22            4
a        3       40            4
a       67       99            3
a       67       30            2
a       54       22            6
a       16       69            8
a      100       40            1
a        4       55            3
a       50       13            8
a       14       51           10
a       24       88            2
a       63       83            8
a       26       64            9
a       97       67            6
a       94       47           10
a       80       22            1
a        3       74            4
a       83       28            5
a       70       82            2
a       50       46            7
a       68       47            4
a       61       12           10
a       68       72            5
a       65       92            9
a       50      100            2
a       50       89            4
a       97       68            4
a       52       85           10
a       63       70            9
a       20       32            5
a       78       90            2
a       99       72            3
a       13       83            5
a       46       45           10
a       70       53            4
a        1       12            1
a       85       41            8
a       53        4            7
a        3       64            1
a       16        1            6
a       32       97            9
a       11       29            9
a       43       60            2
a       71       73            4
a       66       81            3
a       52        9            4
a       89       61            7
a      100       68            8
a       68       27            7
a       63       72            9
a       26       71            5
a       60       91            1
a       31       86            6
a       19       33            6
a       36       26            8
a       96       75           10
a       52       56            9
a       23       26            9
a       92       23           10
a       21       50            2
a       70       32            9
a        9       18            6
a       34        3            8
a       64       49            1
a       89       94            2
a       80       46            9
a       48       56            7
a       50       37            7
a       65       35            8
a       28       62            9
a       59      100            4
a       90        8            8
a        8       64            7
a       16       14            4
a       47        5            2
a       14       30            2
a       68       58            9
a       75       73            9
a        6       16            1
a       42       76           10
a       64       32           10
a       74       14            5
a       49       47            9
a       33       39            1
a       27       67            1
a       40       69           10
a       80        5            5
a       80       45            6
a       93       91            6
a       76       61            7
a       39       97            1
a       20       91            5
a       60       42            7
a       48       32            8
a       37        1           10
a       11       90            2
a        5       97           10
a       99       77            9
a       90       50            7
a       54       74            1
a       87       31            4
a       56        4            9
a       70       88            5
a       98       33            8
a       45       46            5
a       90       17            7
a       75       81           10
a       21       24            1
a        2       62           10
a       95       47            3
a       48       17            4
a       19       56            7
a       90       10            9
a       40       45            9
a       35       85            4
a       92       61            3
a        2       99            5
a       69       36            5
a       11       78            6
a       72       68            8
a       98       20            9
a        2       62            8
a       87       80            1
a       59       84           10
a       59       47            7
a       99       16            1
a       99       22            8
a       36       14            7
a       16       98            3
a       61       83            4
a       96       42           10
a       14        4            1
a       56       16            4
a       15        2            5
a       50       29           10
a       77       46           10
a       27       40            9
a       56       61            7
a       83        9            5
a       85       39            5
a       52       21            1
a        7       31            5
a       36       31            1
a        6       31            5
a       53       49            7
a       52       65            4
a       90       23            2
a       19       47            7
a       17       49            9
a       17       62            7
a       48       78            4
a       86       17            5
a        5       19            3
a       54        9            9
a       96       25            4
a       13       20            6
a        7       58            4
a       86       28            3
a       44       62            1
a       94       49            7
a       87       63            6
a       85       22            4
a       80      100            4
a       95       20            1
a       87       40            8
a       45       41            4
a       28       87            7
a       22       29            6
a       47        3            4
a      100       82            9
a       36       74            8
a       62       71            5
a       11       27            5
a       66       38            1
a       98       87            7
a       40       36            8
a       76       98            2
a       60       90            9
a       34       59            6
a       61       94            1
a       48       50            1
a       55       87            2
a       27       99            2
a        3       83            1
a       63       27            4
a       51       92            1
a       38       47            6
a       17      100            5
a       56       47            3
a       97       36            7
a        9       82           10
a        5       36            7
a       96       24            7
a       55       64            6
a       68       55            6
a       24       27            2
a       13       16            7
a       49       16            9
a       44       87            5
a       94       77            3
a       10       58            8
a       69       30            2
a       13       23            9
a       70       29            8
a       90       32           10
a       91       92            1
a       78       95            3
a       18       36           10
a       68      100            8
a       45       61           10
a       57       94            3
a       15       85            8
a       96       40            2
a       65       86           10
a        1       45            7
a       65       69            4
a       48        7            7
a       19       34           10
a       24       45            8
a       41       80            7
a       48       98            9
a       21       27            5
a        7       74            6
a       29       94            4
a       72       31            2
a       92       21           10
a        1       82            9
a       44        7            8
a       21       28           10
a       38       80            5
a       19       33            2
a       97       40            4
a       86      100            8
a       64       29            1
a       64       21            9
a       34       76            1
a       54       21            7
a       32       35            4
a       57       64            2
a       39       82            6
a       34       23            9
a       70       91            4
a       40       98            9
a       35       91            1
a       44       12           10
a       61       56            1
a        2       76            7
a       77       94           10
a       45       28            6
a        4       22            8
a       97       81            4
a       69       16            3
a       59       48            6
a       78       62            1
a       20       78            8
a       95       35            1
a       63       57            8
a        2       29            2
a       93       11            5
a      100       97            3
a       92       97            1
a       28       61            1
a       35       49            8
a        8        5            6
a       33       98            9
a       59       65            3
a       69       10            6
a       20       32           10
a       70       16            3
a        7       30            3
a       42       65            5
a       71       30            2
a       30       79            2
a       16       40            9
a       96       32            7
a       89       48            2
a       64       61            6
a       51       33            9
a       82       85            5
a       15       39            5
a        6       10            8
a       80       68            7
a       40       24            9
a        7       40            7
a       81       12           10
a       80       71            6
a       87       14            4
a       22       15            5
a       98        1            3
a       99       51            8
a        7       39            9
a       34       29            3
a       72       22            5
a        2       46            2
a        9       43            8
a       16        9            9
a       50      100            2
a       71       73            2
a       87       32            1
a        1       22            9
a       83       80           10
a       46       12            1
a        7       98            6
a       45       58            9
a       66       48            5
a       32       75            8
a       72       27            1
a       21       84            5
a       24       35            7
a       62       94            5
a       44        8            3
a       55       39            6
a      100       87            9
a       34        3           10
a       63       59            7
a       24       14            6
a        9       42            1
a       44       70            7
a       52       75           10
a       16        8            3
a       25       10            4
a        9       54           10
a       49       17            3
a       80       96            6
a       51       66            1
a       17       31            8
a       37       46           10
a       69       83            9
a       53       87            4
a       87       71            9
a       42       31            2
a       81       13            3
a        6       26            9
a       79        8            1
a       39       20            1
a       35       77            7
a       12       42            1
a       54       89            3
a       59       11            2
a       64        3            4
a       73        6            6
a       88       39            7
a       35       16            9
a       62       77            2
a       57       80            8
a       72       29            2
a       57       38            2
a       86       64            4
a       35        1            4
a       99       90            8
a        4       84            1
a       26       84            3
a       46       61            4
a       41       47            5
a       11        1            3
a       57       17            9
a       55       19            8
a       57       28            8
a       30       74            3
a       85       90            4
a       61       29            4
a       10       23            3
a       53       86            4
a        8       10            9
a       24       33            4
a       34       36            9
a       59       46            8
a       80       12            8
a       74       88            8
a       45       12            9
a       48       16            9
a       25       75           10
a       53       84            3
a       19       88            4
a       12       32            1
a       84       76            2
a       71       28            5
a       43       37            4
a       33       40            6
a       22       39            5
a       19       31            1
a       57       67            9
a       37       57            8
a        7       49           10
a       21        1            7
a       94       35            8
a       97       73            8
a       67       82            9
a       63       53            6
a       35       38            9
a       21       98            3
a       46       24            9
a       95       52            2
a       94       50            1
a       12       81            4
a       62       41            9
a       32      100            5
a       27       62           10
a       44       98            3
a       88       49            5
a       41       87            9
a       13       82            8
a       21       27            1
a       65       70            4
a       74       96            8
a       78       74           10
a       91       33            7
a       58       11            3
a       97        9            7
a        7       80            3
a       65       54            6
a       69       49            3
a       88       89            8
a       43       99            9
a        8       23            3
a       23       71            9
a       68       88            2
a       81       87            7
a       69       24            2
a       30       40            6
a       15       54            1
a       81       24            8
a        8       98            2
a       46       45           10
a       43       89            2
a        5       37            4
a       76       14           10
a       40       97            9
a       84       41            5
a       90       15            9
a       30       12            1
a       82       37            5
a       64       53            1
a       77       99            4
a       25       45            7
a       58       19            5
a        8       84            5
a       96       92            7
a       51        7            3
a       34       22            1
a       52       16            6
a       36       72            3
a       89       82            5
a       80       65            4
a       29       45            9
a       94       47            9
a       35       23           10
a       54       79            8
a       71       90            8
a       29       34           10
a       57       62            5
a       74        5            2
a       14       17            6
a       34       13            4
a       50       71            7
a       90       72            4
a       51       91            3
a       23       30            3
a       61       91           10
a       50       31            5
a      100       81            7
a       66       88            3
a       19       37            9
a       96       88            7
a       58       13            1
a       69       24            9
a       68       82            9
a       89       17            5
a       88        1            3
a       22      100           10
a       32       54            8
a       76       12            4
a       16       53            2
a       16       93            2
a        5       39            5
a       19       22            5
a       90       78            4
a       58       34            2
a        2       12            3
a       89       66            4
a       74       92            7
a       77       69            7
a       48        3            5
a       43       51            7
a       25       53            9
a       47       95            8
a       71       22            1
a       98       90            1
a       30       19            4
a       40       38            2
a       48       36            8
a       12       61            5
a       60       57            8
a       10       34           10
a       74       31            2
a       78       75            9
a       98        6            8
a       34       83            1
a       20       61            8
a       58       21            7
a       11       93            2
a       18       44            4
a       89       86            6
a       44       12            3
a       39       76            5
a       81       86            8
a       54        2            7
a       19       30            9
a       83       69           10
a       45        5            6
a       55       77            4
a       87       84            9
a       89       63            8
a       48       99           10
a       79       23            9
a       17       67            8
a       83       51            9
a       19       99            6
a       71       47            1
a       44       89            6
a       45       59            6
a       32       35            8
a       80       20            6
a       64       63            1
a       19       12            9
a       72       93            2
a       69       32            9
a       35        5            3
a       84       95            3
a       62       60            2
a       19       98            8
a       50       54            4
a       95       79            4
a       28       80            4
a       36       93            7
a       47       39           10
a        2       66            4
a       41       25            2
a       65       51           10
a       14       90            9
a       67       17            9
a       28        4            9
a       33       14           10
a       61       15            8
a       89       37            9
a       90       13            2
a       32       85            9
a        4       51            6
a       42       58            3
a        1       39            5
a       51       44            5
a       43       10            6
a       56        4           10
a       48       43            6
a       71       93            4
a       82       12            5
a       29       87            9
a       79       13            5
a       34       96           10
a       67       47            4
a       10        1            3
a       12       22            5
a        6       68            7
a       85       54            9
a       41       75            9
a       75       86            6
a       35       87            1
a        8       35            9
a       85       55            1
a       36       45            3
a       25       77            4
a       31       36            5
a       61       16           10
a       75       86            4
a       40       16            7
a       51       75            2
a       98       84            8
a       46       78            2
a       83        1            8
a       83       21            8
a       82       52            2
a       34       64            1
a       24       81            6
a       88       42            5
a       23       79            9
a        4       59            7
a       12        2            2
a      100       55            7
a       61       94           10
a       78       97            3
a       52       83            4
a       36       97            7
a       88        1            5
a       90       82            9
a       74       60            8
a       35       44            6
a       36       50            7
a       58       84            4
a       24       85            9
a       29       43            9
a       86       96            7
a       49      100            4
a       73       53            8
a       29       58            5
a       79       18           10
a       74       68            3
a       27       48            3
a       80       91            3
a       61       48            5
a       31        6            4
a       38       53            4
a       83       47            6
a       76        1            4
a       71       95            8
a       82       18            6
a       64       38            4
a       53       90           10
a        4       40            6
a       27       39            6
a       52       10            6
a       16       34            2
a       93       53            1
a       53       55            2
a       35       30            2
a       54       34            7
a       31       26            7
a       13       15            8
a       56       50            8
a       39       73            1
a       78        3            3
a       29       81            7
a       13       43            5
a       36       11            3
a       93       66            4
a       51       29            5
a       30       40            9
a       90       33            4
a       47       46            1
a       84        9           10
a       49       71            7
a       17       14            9
a       73       75            2
a       98       29           10
a       22       25            9
a       10       61            1
a        6       85            5
a       29       24            8
a       48       45            2
a       69       97            2
a       90       72            9
a       92       73            1
a       36       67            8
a       72       53            7
a        6       39            2
a       13       22            3
a       39       13            2
a       90       18            8
a       82       20            5
a       84       86            8
a       31       55            9
a       74       26            5
a       53       12            7
a       77       84            1
a       94       65            2
a       11       32            8
a       34       14            6
a        4       68           10
a       62       51            4
a       73       38            2
a       61       99            9
a       52       17           10
a        1       11            1
a       64       41            3
a       69       19            8
a       97       52            6
a       77       94            4
a       80       57            3
a       66       59            5
a       15       33           10
a       80        5            3
a       96       87            6
a       72       61            9
a       95       10            3
a       63       49            6
a       92       85           10
a       76       20            2
a       84       80            5
a       59       27            6
a       30       96            6
a       80       65            1
a       45       15            3
a       42       12           10
a       89       22            1
a       87       50           10
a       78       29            1
a       89        1            1
a       84       76            6
a       10       46            4
a       84       43            9
a       13       60            5
a       66       94            3
a       36       69            1
a       10        4            3
a       18       80            4
a       29       61            7
a       45       43            1
a       67       35            3
a       51       52            2
a       26       17            8
a       10       11            6
a       46       65           10
a        8       68            6
a       11        5            4
a       66       15            4
a       43        6            6
a       51       80            2
a       19       21            6
a        2       42           10
a        1       43            5
a       10       98           10
a        5       31            4
a       33       73            6
a       84       97            6
a       22       73            2
a       30       18            5
a       22       19            2
a       95       19            5
a       78       56            2
a       39       21            7
a       18       77            8
a       55       88            8
a       33       48            1
a       17       24            1
a       54        9            1
a       49       61            5
a       46       63            7
a       51       67           10
a       92       66            9
a       49       55            4
a       11        8            2
a        2       29            7
a       61       50            1
a       42        4            7
a       43       95            8
a        6       61            8
a       54       78            6
a       75       74            9
a       98       37            1
a       16       41            5
a       67        4            2
a       84       18            7
a       65       37            6
a       46       72            2
a       68       18           10
a       88       81            7
a        5       19            6
a       34       20            7
a       32       97            1
a       18       37            1
a       47       92            8
a        6       69            3
a       34       94            1
a       55       34            1
a       73       88            2
a       91       58            9
a       57       71            5
a       67       92            6
a       92       79            2
a       41       62            2
a       39       98            5
a       18       82            9
a       96       71            5
a        9        5           10
a       97       34           10
a       98       57            6
a       31       85            3
a       39       77            2
a       96       68           10
a       80       97            6
a       57       30            9
a       32       37            7
a       62       74            4
a       63       69            9
a       60       52            3
a       44       50            9
a       39       98            1
a       53       38            9
a       28       38            6
a       91       71            2
a       70       89            6
a       70       66            1
a       44        1            4
a       71       41            6
a       47       89            5
a       14       91            5
a       69       53            2
a       20       56            8
a       12       92            8
a       91       26            6
a       70       77            3
a       15       68            5
a       59       81            2
a       19       57            2
a       58       12            8
a       30       87            8
a       97       65            5
a        9       87            5
a        3       65            4
a       61       41            4
a       50       24            2
a       69        4            1
a       76       62            2
a       39       60            3
a       44       62            1
a       98       18            1
a       97       51            4
a       29       44            8
a       46        9            4
a       23       55            1
a       38       60            2
a       46       79            1
a       28       55            2
a       65       37            7
a       50       41            8
a       79       66           10
a       98       44            4
a       61       40            9
a       78      100            3
a       58       17            8
a       80       41            3
a       42       81            1
a       15       22            8
a       59       89           10
a      100       78            2
a       99       88            5
a       79       13            1
a       68       19            4
a       28       93            4
a       22       31            6
a       53       74            9
a       12       15            9
a       61       80            3
a       54       71            4
a       60       99            4
a       78       66            5
a       90       58            5
a       48       78            3
a       45       39            7
a       21       51            1
a       24       66            3
a       57        3            7
a        4       17            4
a       80       78            6
a       28       11            6
a       54       43           10
a       48       30            5
a       16       45            3
a       39       71            6
a       16       82            6
a       44       28            4
a       80       72           10
a       32       59            4
a       53       52            2
a        5        1            1
a       24       63            4
a       78       81            9
a       31       89            4
a       95       79            6
a       75       73            5
a       76       85            8
a       74       49           10
a       99       54            4
a       69       27            4
a       11        9           10
a       62       28            3
a       36       46            7
a       79       69            3
a        5       60           10
a       55       74            2
a       63       10            1
a       25       93            5
a       22       17            8
a       34       27            9
a       44       20            9
a        1       20            4
a       86       85            9
a       81       78            6
a       38       16            5
a       17       88            2
a       84       97            7
a       10       79           10
a       77       48            7
a       71       15            4
a        1       97            3
a       69       95            5
a       82       16            3
a       73       93            7
a       73       96            1
a        1       39            7
a        4       23            5
a       15       83            6
a       91       24            9
a       13       64           10
a       24       60            1
a       25       70            7
a       44       93            7
a       30       71            9
a       93       20            6
a       85       43            1
a       53       77            2
a       71       96           10
a       74       71            9
a       61       52            8
a       50       24            5
a       46       38            9
a       38       88            9
a       30       22            1
a       86       12            9
a       99       95            3
a       84       58            4
a       28       71            6
a        8       62            7
a       90       56            7
a       46       85            3
a       30        5            3
a       85       24            6
a       50       33            5
a       49       79            2
a       79       43            6
a       27       39            3
a        7       79            2
a       69       74            4
a       66       46            7
a       85        2            2
a        3       62            9
a       71       57            8
a       81      100            7
a       70       27            2
a       10       53            1
a       83       54            5
a       49       27            1
a       62       32            8
a       59       94            7
a       64       43            1
a       60       75            1
a       81       61            9
a       97        7            2
a       29       55            4
a       99       62            7
a       69       43           10
a       78       11           10
a       10       30            1
a        8       29            5
a       52       17            4
a       11       99            4
a       86       76            8
a       67       59            3
a       41       16            5
a       66       45            9
a       72       18            9
a       31       40            3
a       44       40            6
a       57       11            7
a       12       70            5
a       15       23            5
