c random network for shortest paths problem
c extended DIMACS format
c
t rd_100_400_1_l
c
c length -> min: 1 max: 10 k1: 0.00 k2: 0.00
c
p sp      100      400
c
n        100
c
a        1        2            6
a      100        1            4
a        2        3            1
a        3        4            1
a        4        5            5
a        5        6            6
a        6        7            5
a        7        8            4
a        8        9            4
a        9       10            1
a       10       11            2
a       11       12            1
a       12       13            6
a       13       14            7
a       14       15            5
a       15       16            2
a       16       17            1
a       17       18            3
a       18       19            3
a       19       20            1
a       20       21            4
a       21       22           10
a       22       23            5
a       23       24            4
a       24       25            1
a       25       26            4
a       26       27            2
a       27       28           10
a       28       29            8
a       29       30            9
a       30       31            3
a       31       32            6
a       32       33            9
a       33       34           10
a       34       35            2
a       35       36            8
a       36       37           10
a       37       38            1
a       38       39            4
a       39       40           10
a       40       41            1
a       41       42           10
a       42       43           10
a       43       44            1
a       44       45            1
a       45       46            6
a       46       47            8
a       47       48            7
a       48       49            2
a       49       50            7
a       50       51            1
a       51       52            1
a       52       53            7
a       53       54            7
a       54       55            5
a       55       56            1
a       56       57           10
a       57       58            1
a       58       59            4
a       59       60            1
a       60       61            7
a       61       62            3
a       62       63            7
a       63       64            9
a       64       65            1
a       65       66            2
a       66       67           10
a       67       68            1
a       68       69            3
a       69       70            6
a       70       71            6
a       71       72            1
a       72       73            1
a       73       74            5
a       74       75            9
a       75       76            3
a       76       77            1
a       77       78            5
a       78       79            2
a       79       80            3
a       80       81            7
a       81       82            3
a       82       83            8
a       83       84            2
a       84       85            7
a       85       86           10
a       86       87            1
a       87       88            3
a       88       89            5
a       89       90            7
a       90       91            1
a       91       92            4
a       92       93            6
a       93       94            4
a       94       95            6
a       95       96            3
a       96       97            1
a       97       98            5
a       98       99           10
a       99      100            2
a       58       11            3
a       36        1            2
a       49       51            1
a       70       86            8
a       67       24            8
a       82       91            7
a       50       74            5
a       87       60            3
a       31        4            9
a       57       69            3
a       47       13            1
a       31       55            2
a       54       57            8
a       28       84            8
a        4       20           10
a        5       44            9
a       39       41            4
a       53       96            3
a       84       24            1
a       71       26            8
a       70       63            6
a       56       67            4
a       58       44            2
a       19        2            6
a       53       26           10
a       77       76            1
a       63       59            3
a       21        6            9
a        8        4            2
a       73       90            9
a       63       50            5
a       37        3            2
a       54       65            5
a       30       87            1
a       51       44            6
a       51       56            6
a       26        1            1
a       58       30            9
a       98       29            6
a       90       89            5
a       13       38            1
a       24       12            5
a       69       86            3
a       90       47            9
a       52       71            6
a       91       87            2
a       11       29            2
a       69       68            2
a       67        6            4
a       24       88           10
a       31       85            3
a       82       81            2
a       88       57            5
a       22       62            6
a       79       98            2
a        1       48            8
a       45       68           10
a       44       12            6
a       34       10            8
a       99       47            8
a       60       18           10
a       90       84            4
a       27       81            2
a       89       29            5
a       45       73            9
a       93       88            7
a       95       18            5
a       92       41            1
a       21       53            2
a       97       84            6
a       88       65            5
a       87       43            3
a       63       70           10
a       71       31            3
a       41       25            8
a        6       26            8
a      100       92            7
a       28       24            6
a       19       73            5
a       42       40            9
a       64       23            2
a       12       19            2
a       49       23            5
a       31       50            8
a        8       23            1
a       16       72            9
a       62       11            9
a       68       29            6
a       14       66           10
a       82       93            5
a       35       55            8
a       16        5            2
a       85       76            1
a       68       31            3
a       66       61            2
a       85       67            2
a       54       11            8
a       22       10            5
a       90       31            8
a       23       47            3
a        5       59            5
a       35       12            1
a       40       31            5
a       99       97            2
a       28        6            4
a       44       42            9
a       73        1            7
a       33       55           10
a       23       37            5
a       29       63            7
a       75       44            2
a       35       39            3
a       56       40            2
a       79       32            8
a       50       76            6
a       12       49            2
a       84       66           10
a       94       44            8
a        8       89            1
a       21       26           10
a       65        8            9
a       68       91            9
a       78       95            2
a        8       50            5
a       66       76            9
a       30       56            4
a       31       11            6
a       18       99           10
a       64       10            5
a        9       52            4
a       52       48            8
a       18       96            8
a       88        6            6
a       60       16            8
a       59       63           10
a        9       36            2
a       70       15            1
a       53       72            1
a       86       46           10
a       89       10            4
a       59       81            7
a       49       82            4
a       41       94            9
a       22       53            1
a       83       68            8
a       50       82            6
a       57       40            6
a       81        7            1
a       80       53            6
a       78       34            2
a       31      100            5
a       24       33            4
a       16       44            7
a       42       89            5
a       93       94            7
a       72       62            8
a       94       75            1
a       63       94            1
a       91       15            3
a       44       21            7
a       71       59            7
a       10       28            9
a       13      100           10
a       16       24            9
a       92       41           10
a       23       10            4
a       65       61            2
a       62       61            2
a       62       31            2
a       69       64            3
a       12       55            3
a       51       80            3
a       57       65            9
a        5       76            7
a       89       39            2
a       41       86            8
a       96       78            7
a       12       40           10
a        7       78            6
a       58       66            3
a       75       15            7
a       49       13            9
a       55       75            9
a        5       54            7
a       96       87            5
a        8       86            4
a       18       78            1
a       67       38            9
a       78       95            5
a       12       94            6
a       23       20            5
a       79       43            2
a       81       14            9
a       44       63            3
a       15       78            3
a       17       78            5
a       51       78            5
a       38       20            5
a       92       87            5
a       68       83            4
a       90       45            9
a       25       68            6
a      100       86            8
a       60       64            9
a       81       91            9
a       76       47            7
a        4       55            7
a       88       52            2
a       59        5            4
a       14       86            7
a       50       11            9
a       24       80           10
a       60       45            2
a       53       64            1
a       19        9            3
a       53        8            8
a       48       12            5
a       30       91            5
a        7       35            4
a       16       84            1
a       36       18            9
a       91       17            5
a       20       34            5
a        5       85            8
a       17       89            8
a       93       94            1
a       14       37            4
a       84       19            1
a       13       90            2
a       82       86            1
a       82       67            6
a       97       27            8
a       54       17            5
a       20       53            7
a        6       59            3
a       21       77            8
a        5       23            7
a        5       15            8
a       84       85            3
a       27       78            1
a       50       47            8
a       69       15            6
a       48       25            7
a       24       16            9
a       38       97           10
a       96       83            7
a       75       56            9
a       21       25            8
a       26       59           10
a       36       24            3
a       24       18            9
a        4       20            5
a       98       90            2
a       71       36            1
a       86       30            7
a       63       81            3
a       10       63            4
a       98       72           10
a       79       94            1
a       43       19            9
a       36       12            9
a       93       60            9
a       94       86            1
a       82       28            1
a       63       35            2
a       95       70            1
a       55       29           10
a       44       29            2
a       88       18           10
a        8       17            4
a       30       88            9
a        6       67            6
a       64       81            6
a       32       61            8
a       69       56            7
a       51       53            3
a       90       14            5
a       77       30            9
a       35       88            3
a       49       58           10
a       26       52            2
a       22       87            5
a       40       69            8
a       79       61            1
a       20       69            9
a       38       35            4
a       40       52            6
a       78       41            1
a       78       67            7
a       58       72            9
a       28       54            9
a       63       67           10
a       45       79            8
a        5       29           10
a       96       70            2
a       38       37            5
a       67        4            3
a       85       77            8
a       21       78            3
a        4       40            2
